0.6623488360749932
0.6832717000601363
0.7014280550623448
0.7538014394197621
2.745672575013894
2.510103374129676
2.510103374129676
2.3651012139533005
2.206720249162102
2.0728670928314124
1.9742805098511564
1.927938963324476
1.8859539996179278
1.8568693617065495
1.832746387562544
1.8187624453736184
1.8089245988943807
2.7789145828491995
2.639795359112253
2.639795359112253
2.4460532271072233
2.2790465854572033
2.1359496172056542
2.0212229614529718
1.9260687111682602
1.8443061067300548
1.7774231087879675
1.7246757370171926
1.680409740949205
1.6442212455505385
1.6152914356848513
1.5248065626594538
2.7883214737004343
2.6385219045144135
2.6385219045144135
2.4277887906619924
2.2814150289353323
2.1651669213951985
2.0766623684601613
2.0124900195158077
1.9651055357533966
1.8200961240748565
3.0651208126981624
2.8391234894173016
2.8391234894173016
2.4731838887649076
2.307559388819264
2.1356277291645775
1.980723591739114
1.8639611041071094
1.7720842131420524
1.6976738171638237
1.6443696598521649
1.5930631355793512
1.4671298049444155
3.0630791908828554
2.8266109026949127
2.8266109026949127
2.6997223020980172
2.5156536522560717
2.212620733621604
1.9667121021675142
1.7735335819568498
1.621712011741029
1.5004381886804905
1.4014205814045146
1.3238782700610117
1.2649218511972489
1.0712607308654105
3.0386762272315146
2.809411208635234
2.809411208635234
2.7684562679364593
2.721382679325552
2.6878636969313514
2.6650189669328075
2.648782107464908
2.636750256516509
2.6352748338487113
2.6307137829064873
3.3350323191865017
3.233597349742331
3.233597349742331
2.8822159949195845
2.6308355258026417
2.463471919223213
2.3359057738457643
2.243882908038005
2.1603673459055286
2.1073915930878204
1.9462739907274242
3.366139164601454
3.1610388037200754
3.1610388037200754
3.1037024930842927
3.1037024930842927
2.7925944324700542
2.523987240787439
2.3120478743469874
2.1496928549934298
2.0266924720769004
1.9293957224126372
1.8473254446894563
1.7853364560479923
1.6499329900636583
1.5244914873519613
3.4228084963103744
3.2259738207055175
