0.7120181939958549
0.7823706967015178
0.8434208959153957
1.0195248302202917
0.3117200584370775
0.3954287891332899
0.3954287891332899
0.5945500072775627
0.8120433922156087
0.9958544713650705
1.1532436893377604
1.2864120225459288
1.4070611604288752
1.4906395699321366
1.5599600069816733
1.6095433258742207
1.7763625844779976
0.32809244525190717
0.5358082164076611
0.5358082164076611
0.7224948222103955
0.9035574291060661
1.0802674683086904
1.2577776611355775
1.4050045562762223
1.5315113003683858
1.6349956544066808
1.716608737893801
1.7850990590502163
1.8410915113202457
1.8858530019608657
2.025855228586208
0.3376479730706008
0.5377981393750098
0.5377981393750098
0.6232073602111724
0.6825320136146582
0.7296468694964654
0.7568110295694026
0.7765070553801913
0.797790062314489
0.8523677402118535
0.2635149173779704
0.370403690735541
0.370403690735541
0.6069142027333749
0.6643477732105398
0.6985471066599671
0.72935945535217
0.75258495818819
0.7708604080775322
0.7856615560992195
0.8022129368883707
0.8068709105450624
0.8183040400526836
0.2707211824025779
0.35185532245141343
0.35185532245141343
0.390649060781238
0.44692449453259153
0.5814475510094506
0.690611865125267
0.7763681093693516
0.8437650831258037
0.8976012320902543
0.9415573515633896
0.9759801092466592
1.002152175635427
1.0622855518733214
0.2068289473634306
0.30651621459474226
0.30651621459474226
0.6804731086315631
0.9735444428077068
1.1822273408058188
1.3244543453137307
1.4255419871848523
1.5004500346507434
1.5567941531458396
1.7309736614046198
0.14439283810906978
0.3728899868305805
0.3728899868305805
0.6305334557833994
0.7883770156996646
0.8934657982758197
0.9735654757961334
1.0119180161713228
1.0467249518228787
1.0749668272861517
1.1608601467536652
0.17126923613941847
0.31421622619632156
0.31421622619632156
0.3047499629986785
0.3047499629986785
0.6098086265897302
0.8731928370915841
1.0810111101411743
1.2402091879200337
1.3454937010762924
1.4071805608878338
1.4592137247301367
1.4985152025840236
1.626168758736379
1.7241744017724312
0.23770902343778855
0.39183919725048083
