0.784333997403236
0.9320076594593809
1.03214289455442
1.1183157944580855
1.1830626223860483
1.2319204531185464
1.3625894004425794
0.5033071814361044
0.6424264051730506
0.6424264051730506
0.7088812088472642
0.7796131614292459
0.8403048500755496
0.9108337448214343
0.971996584171421
1.0201411955811972
1.0569185393508727
1.0841329436772889
1.1061883938303678
1.1739253715300175
0.5043243867564698
0.5905977475982185
0.5905977475982185
0.8793050612974227
1.2136936228525272
1.481923207337541
1.6902451909100864
1.8683360117898238
2.0157228380465444
2.1287234500728736
2.2080177185007406
2.2734618679381646
2.451515652853512
0.4837452911737816
0.6838954574781906
0.6838954574781906
0.8226055365816098
0.9613156156850291
1.0406393889932801
1.080062678804003
1.0893606681206678
1.0976615232291485
1.0942268864913705
1.0911384749192918
1.0931607295020627
1.0988436447811591
0.4664337107113823
0.5277076806805509
0.5277076806805509
0.7573918875457059
0.9701805431039103
1.112007883172923
1.2161822803293032
1.3059784348474142
1.3821601763466829
1.4624250658124247
1.5136542364054688
1.66049948103225
0.5593588030658578
0.6819896951056847
0.6819896951056847
1.033942045176723
1.2199411790693087
1.4051874050690893
1.4687107314015364
1.5002279027947494
1.5301949263700103
1.5520534844359832
1.5698275542789941
1.5837539178250115
1.5984063194748643
1.6390598629584694
0.47847631995333906
0.5804095510518983
0.5804095510518983
0.7780214560410249
0.9220645141216162
1.0217548709983661
1.1033009410189993
1.1669907287367873
1.3594605227375496
0.46976173804213006
0.6986993037794444
0.6986993037794444
0.9831982255334915
1.1728217053145444
1.333078976865861
1.4725745028583015
1.5790629055194092
1.6871349370992574
1.7785107752422022
1.8462221739270568
1.8992114558983528
2.0463672142893157
0.4975203768460188
0.6849398971949613
0.592988149563295
0.5499569519776779
0.5499569519776779
0.9250363321858275
1.2638512817016034
1.5094674952530565
1.6767911723857571
1.795934827106918
1.880845308009353
1.9437789365837173
1.9888898739408045
2.018982873343954
2.089552996945379
0.4641528872804279
0.6009980514826272
