0.6680034162212478
0.717660957812694
0.7554350152622531
0.7849266443704969
0.8060191912171252
0.8466044575377056
2.4461807412639116
2.2100687174302265
2.0993025059619663
2.019408379081486
1.9508112047238022
1.8971872793031128
1.7415779683977792
2.4395621280696522
2.215464691591989
1.8728042268268206
1.6178742342449215
1.4063204116663572
1.271510812315069
1.1594343777247054
1.0688281542974374
1.0026442960681907
0.9617472423196298
0.8646303678634712
2.469366518387714
2.254934365887646
2.254934365887646
2.292708053355024
2.3465148767724906
2.3927491333190476
2.4342690431933813
2.476833278342878
2.510818162190971
2.5348579646693805
2.5854459903441627
2.425097702263098
2.460161010472172
2.4291797059440268
2.3551840513116065
2.2567300084717217
2.1669338539536107
2.093944188530708
2.0362331495579946
1.9904792965028208
1.9560183412586567
1.8590878286545307
1.7541147593008866
1.6943999859597678
1.5970626675613684
1.4885160005832223
1.3718693196523162
1.2498319670644567
2.492912630929297
2.3515359014539947
2.0900748610315665
1.8911212414346048
1.7368157795701193
1.618228843891615
1.5353604343990916
1.4743513934380073
1.4381259647691336
1.4181444039530802
1.375677176261171
2.4894893667067155
2.353787355462118
2.353787355462118
2.407703795717639
2.452134529866165
2.4260024140492518
2.3990300673115392
2.3755880954832143
2.357720399827606
2.3549935068344445
2.352648371225178
2.355544244765936
2.3647317113027735
2.3938614206457958
2.5013121569241914
2.4811536960456237
2.46367303732893
2.4512904591221343
2.449711390319698
2.4595935789654244
2.467687790226657
2.503208107234745
2.4648729096036375
2.4752328346489723
