0.7206066355003775
0.8383057443008785
0.9278384266509422
0.9977399632931254
1.0477338592174579
1.1881148889025783
0.6314747554002831
0.7136399073879802
0.7572718784295078
0.8019003250166805
0.8402183522783417
0.8701724000272065
0.9570949573084744
0.6119402066121896
0.7227568974314862
0.8780143341365437
1.0300585005576421
1.156232452399818
1.2532814770063043
1.3339649647602014
1.39919211215332
1.4468376723860528
1.48325961610798
1.6213148659538141
0.659473032684059
0.7879987187323645
0.7879987187323645
1.0122225551389665
1.1790605476758034
1.3224183981999575
1.4298801274465422
1.5097215814281266
1.5734699967419883
1.6185635541985002
1.7433811332575901
0.6114047165789418
0.8589336329047632
1.013804067117337
1.1533366286181435
1.276833568142728
1.3894703877611794
1.481025798150078
1.553416291057565
1.610808152892643
1.6540346409371125
1.8011771423644751
1.9159863259184855
1.9812964517976297
2.1171305223082033
2.234042906307418
2.359679574229922
2.4587240857136443
0.6457970832097004
0.8519829710945583
1.2005330219514365
1.4657553056103845
1.671457755556525
1.82954433853242
1.940015054538069
2.033513532610198
2.1111992150890226
2.1743324126851427
2.364905672393654
0.64156583125736
0.8515300285486391
0.8515300285486391
1.033548880398799
0.6108186827410464
0.8594491565831148
1.0852270846213496
1.2814532372805
1.4310186919726753
1.5500374575292204
1.6523939291537277
1.7282068233659436
1.7793326108340115
1.9414316315930704
0.6131946349558055
0.8623805825030283
1.0418716923645521
1.1690157972467328
1.2594805883506328
1.323223656458999
1.375433736452906
1.5324109501323082
0.608121735075664
0.8579069867480857
