0.7181059225520325
0.8070902090549612
0.891546301989929
0.9543257646041948
0.9995105597503584
1.1174795753136748
2.438237183722444
2.672785017703065
2.45533725460967
2.2690510965093322
2.120171346785668
1.9843838399938398
1.8757879146758243
1.7885187199255053
1.7144517869551887
1.6536471260456929
1.4651443220927154
2.4200759903155418
2.6508366025075905
2.6508366025075905
2.623600532942835
2.605338180422877
2.585188030566814
2.553447111876677
2.545418570502705
2.5556847242541045
2.56406682976325
2.5724746472726308
2.6177751181512856
2.4058609487158624
2.353349653376517
2.399649536949702
2.454080198165463
2.511239608241713
2.563252943913014
2.730426515823272
2.45248838070426
2.2895051334395915
2.35941319895489
2.4074567510400704
2.458858035330226
2.509844449595024
2.6680286856753628
2.438303645145781
2.2586582407008566
2.2586582407008566
2.2323830825777766
2.1987967943067663
2.1686913243059465
2.14219474879361
2.119623810901328
2.099413770750155
2.0340267589963608
1.960269291614997
1.9227323925985549
1.882765032000869
1.7369692701351698
2.4154952834910057
