0.6996433710778232
0.7880471544074448
0.8719522845614472
0.9343221953469765
0.9792122202814721
1.0964116461725246
0.6091584398895351
0.5226291756201618
0.5891096284123667
0.6550770168010863
0.7077981012519579
0.7558829793245826
0.7943388133808486
0.8252424560517351
0.8514709326269105
0.8730029923513943
0.9604031289153291
0.5624144872925773
0.4662399591640182
0.4662399591640182
0.5275932012661186
0.5931672662030683
0.6531721108172934
0.8639822461819578
1.039098300624166
1.1713869138234658
1.279397872975903
1.3638197001282621
1.6024241533891976
0.616032944305672
0.3716100242229105
0.4906699773156607
0.5901411271149819
0.6750831590201553
0.7421081484446861
0.9202077694090947
0.5969322438774843
0.4073630978883126
0.4901247397624603
0.5621970653414278
0.6154246533916511
0.6682226309543334
0.8320272025793283
0.6096995176502082
0.4358388588978054
0.4358388588978054
0.31545628951979454
0.22158890207942727
0.12789157809168145
0.0454262247762363
-0.02203119789743134
-0.0824326409936719
-0.2778538197809296
-0.4982916534336106
-0.5539423947943919
-0.6067408180493613
-0.7547802951881617
-2.1306949393052594
