0.7349760516572021
0.8224852457522458
0.8905369023110246
1.0965614280826537
2.420340027855325
2.186459746651469
2.014458810654546
1.9037371156390461
1.781636743701754
1.6910647890685946
1.6346408168461615
1.4973629404847517
2.4584808735572916
2.2526039122904855
2.097069296137144
2.0009148083898096
1.943287449612711
1.890389227873503
1.729568028596188
2.4137151189935926
2.2546955639241517
2.1576223252202897
2.103354362023913
2.052461217592679
2.0166492945181775
1.9148612507499518
2.4303383388565503
2.3096132529065407
2.180680956713791
2.0804633813567714
2.0016199215090547
1.949424523530537
1.9183863033273603
1.8919068204699954
1.8108795949486687
2.3843711236384193
2.2789637781221583
2.092912190463939
1.9652242465726397
1.8678992716495249
1.7838657070504906
1.720832233001732
1.6604503162047937
1.4889196948055181
1.3528123613809162
1.2537105642146587
1.1318135265426483
2.368790444098206
2.2083025434575303
1.9176242597481268
1.7573513618744376
1.6218992683545999
1.5254549729761049
1.4609296546906239
1.4032186157179105
1.3554499912226357
1.1975929104030676
1.2241615629220928
1.2241615629220928
1.3262796713435152
1.6289662498873652
2.4048817393826276
2.284156653432618
2.241566953518158
2.221997805826802
2.2387995662435975
2.253937337901361
2.2677439185518993
2.289681076256742
2.31697521120343
2.3386559066661348
2.4120727578882537
2.518678463688496
2.5023276813809603
2.5248619745386174
2.590470241242596
2.6560785079465745
2.71320145988717
2.7614646291258715
2.8006624765025347
2.917858207301434
3.0960761550150697
3.180795297247603
3.2176750632458435
3.2466506672452615
3.3433941620954597
2.4649557447657044
2.6470484872363045
