0.7252430567835233
0.8059588758578285
0.8687276541023108
1.0587584105162158
0.5588741743109293
0.6471918625959223
0.7445053100057982
0.846631633929717
0.9592533033681522
1.042794119610115
1.1061508213365774
1.2999456561004596
0.6378428007945428
0.779669021288308
0.9282362225862038
1.0354962663399134
1.11684866461482
1.1915249519596525
1.4185558368083184
0.5886190510883295
0.7815251969352595
0.9274939481375049
1.0643846379349686
1.1927623627805308
1.2830977754972832
1.5398576519301828
0.6051087591369876
0.8240275879808375
1.0339117202289412
1.197052216915448
1.325398578860616
1.437013933423994
1.5220021724596053
1.5945077673000843
1.8163749093565773
0.583007564592879
0.8096996277781955
1.0040516517703728
1.1548827427808959
1.2698476463016384
1.3599626115694805
1.4406417792262487
1.5002384269418834
1.7385094908817504
1.8413066926891482
1.9389064836325303
2.0258547956011554
0.5484130999259116
0.740099389858052
1.0201920140316314
1.236295000376499
1.4189310062430063
1.534635706554896
1.6300736941111957
1.7024641870186827
1.7705267129096636
1.9462298205518573
2.026801794577179
2.026801794577179
2.0194370897714835
1.9976074913380508
0.5905883212507064
0.8095071500945563
1.016529350736974
1.226979160801671
1.4014721143754374
1.5586838839497736
1.7020707063245657
1.8211578463123008
1.9144209731230184
1.9885031689585808
2.2393660418412034
0.6128772781828786
0.8623420089925296
1.0886059829469852
1.2623478478439565
1.4360897127409278
1.555850471993004
1.6461445107745365
1.7194785252416775
1.938736315989911
2.045556043017595
1.834544557033629
1.737521656557233
1.6612929423291356
1.406781173652586
0.5804288250674486
0.7517245726490385
