1.6433978080749512
0.08850789070129395
0.0928497314453125
0.08623313903808594
0.09638237953186035
0.10055780410766602
0.09654068946838379
0.0899503231048584
0.08963727951049805
0.09113264083862305
0.09011578559875488
0.08983993530273438
0.08922457695007324
0.09062600135803223
0.09312057495117188
0.09012484550476074
0.08996081352233887
0.09056377410888672
0.09032011032104492
0.08863162994384766
0.08908867835998535
0.09077191352844238
0.09116911888122559
0.0899801254272461
0.08902430534362793
0.09120345115661621
0.08982992172241211
0.08867502212524414
0.08887553215026855
0.08826780319213867
0.08963489532470703
0.09037470817565918
0.0885770320892334
0.08880186080932617
0.0892190933227539
0.09149479866027832
0.08862471580505371
0.08793306350708008
0.08883476257324219
0.0886235237121582
0.08861017227172852
0.08884596824645996
0.09122276306152344
0.0894465446472168
0.09010004997253418
0.09057497978210449
0.08954930305480957
0.08860230445861816
0.09358024597167969
0.09104204177856445
0.08873271942138672
0.09066128730773926
0.08682107925415039
0.08797717094421387
0.09154367446899414
0.08942651748657227
0.08985400199890137
0.09580659866333008
0.09870696067810059
0.08888769149780273
0.08760738372802734
0.09023046493530273
0.08881950378417969
0.08819437026977539
0.09236764907836914
0.08681035041809082
0.11134934425354004
0.09243369102478027
0.10060405731201172
0.08901143074035645
0.08742880821228027
0.08992719650268555
0.09308314323425293
0.08750367164611816
0.08963942527770996
0.09095573425292969
0.09192633628845215
0.08728218078613281
0.09868836402893066
0.09794330596923828
0.10331082344055176
0.09557604789733887
0.0983729362487793
0.10229253768920898
0.1021583080291748
0.09583163261413574
0.08883380889892578
0.09173703193664551
0.09235215187072754
0.08734869956970215
0.09972429275512695
0.08593940734863281
0.08956646919250488
0.0926201343536377
0.0916135311126709
0.08722591400146484
0.09008193016052246
0.09063243865966797
0.09178423881530762
0.08895254135131836
0.08997941017150879
0.10317540168762207
0.09210562705993652
0.08740925788879395
0.08967351913452148
0.08938717842102051
0.09285950660705566
0.08707356452941895
0.08931803703308105
0.0901494026184082
0.09328889846801758
0.08759951591491699
0.10287094116210938
0.09842705726623535
0.10214662551879883
0.08695030212402344
0.0902411937713623
0.10204243659973145
0.10079360008239746
0.09712886810302734
0.10036063194274902
0.09679913520812988
0.0993642807006836
0.09293293952941895
0.09135794639587402
0.0975031852722168
0.09095191955566406
0.09608602523803711
0.08925962448120117
0.0916757583618164
0.09342336654663086
0.08796334266662598
0.08880352973937988
0.10374212265014648
0.0922536849975586
0.08751082420349121
0.08956480026245117
0.0872197151184082
0.0891561508178711
0.09058976173400879
0.08921289443969727
0.09038424491882324
0.0944221019744873
0.09445738792419434
0.08985257148742676
0.09049534797668457
0.09070181846618652
0.08938026428222656
0.09239721298217773
0.09059023857116699
0.0908358097076416
0.09121084213256836
0.08698225021362305
0.08973884582519531
0.09392976760864258
0.09444594383239746
0.08690047264099121
0.09029221534729004
0.09139227867126465
0.09108233451843262
0.08845973014831543
0.09214925765991211
0.08737039566040039
0.09065961837768555
0.08738231658935547
0.09068012237548828
0.09273910522460938
0.0920567512512207
0.08926200866699219
0.09073495864868164
0.09425973892211914
0.09350109100341797
0.08733534812927246
0.08968257904052734
0.09282183647155762
0.0940089225769043
0.08706116676330566
0.08974671363830566
0.09297513961791992
0.09347367286682129
0.08723044395446777
0.09025382995605469
0.09076380729675293
0.09227442741394043
0.08901858329772949
0.09181952476501465
0.0880119800567627
0.0931696891784668
0.08740448951721191
0.09327554702758789
0.09235382080078125
0.08891177177429199
0.09121584892272949
0.08952450752258301
0.08920669555664062
0.09188294410705566
0.08843493461608887
0.08913230895996094
0.09038543701171875
0.08943033218383789
0.09011626243591309
0.09025859832763672
0.09007477760314941
0.09087014198303223
0.08968210220336914
0.08938002586364746
0.08949518203735352
0.09099006652832031
0.0881655216217041
0.09220004081726074
0.08953046798706055
0.09390473365783691
0.08765721321105957
0.08939695358276367
0.08972740173339844
0.09472155570983887
0.09299492835998535
0.09006762504577637
0.0881805419921875
0.09076094627380371
0.08869338035583496
0.09156155586242676
0.08933711051940918
0.0899512767791748
0.09093618392944336
0.09173846244812012
0.0897524356842041
0.08810257911682129
0.08739709854125977
0.09746146202087402
0.08775854110717773
0.08901810646057129
0.10301375389099121
0.08910989761352539
0.09354090690612793
0.08737778663635254
0.08900952339172363
0.08757162094116211
0.08636689186096191
0.08927583694458008
0.08696269989013672
0.09640169143676758
0.08886313438415527
0.0970005989074707
0.08681106567382812
0.08701515197753906
0.08901000022888184
0.09607648849487305
0.09584259986877441
0.0883646011352539
0.0875692367553711
0.09579634666442871
0.0870978832244873
0.09725260734558105
0.08701753616333008
0.08589410781860352
0.08922648429870605
0.08752322196960449
0.08656048774719238
0.08717131614685059
0.08780860900878906
0.08741450309753418
0.08618307113647461
0.08880949020385742
0.08808016777038574
0.08684873580932617
0.09282541275024414
0.095611572265625
0.08945894241333008
0.09241628646850586
0.08835458755493164
0.08965063095092773
0.09160852432250977
0.09418487548828125
0.08743429183959961
0.08915519714355469
0.08711051940917969
0.09358525276184082
0.0865335464477539
0.08953619003295898
0.0904393196105957
0.09381413459777832
0.08734703063964844
0.08908772468566895
0.09230637550354004
0.09300470352172852
0.08832716941833496
0.09007954597473145
0.09167647361755371
0.09411454200744629
0.08922052383422852
0.0905003547668457
0.10007524490356445
0.0900883674621582
0.09012055397033691
0.09142684936523438
0.0932612419128418
0.0900735855102539
0.09344124794006348
0.09015083312988281
0.09101343154907227
0.08987641334533691
0.09958219528198242
0.0934751033782959
0.09962201118469238
0.09941816329956055
0.10135149955749512
0.09129071235656738
0.0906057357788086
0.08986139297485352
0.08878660202026367
0.10059905052185059
0.09000778198242188
0.08890986442565918
0.09409093856811523
0.09021329879760742
0.09046602249145508
0.09033894538879395
0.10095906257629395
0.09050297737121582
0.0906670093536377
0.08999037742614746
0.09088420867919922
0.09063887596130371
0.09020185470581055
0.0960695743560791
0.09819459915161133
0.1013801097869873
0.09815049171447754
0.09137940406799316
0.09003448486328125
0.09080243110656738
0.09000945091247559
0.09176921844482422
0.08895277976989746
0.09229731559753418
0.09076070785522461
0.08890080451965332
0.09049749374389648
0.09177350997924805
0.08864068984985352
0.09067225456237793
0.08927321434020996
0.09219717979431152
0.08953738212585449
0.09064531326293945
0.09206891059875488
0.0915365219116211
0.0942535400390625
0.09411144256591797
0.09413552284240723
0.09028482437133789
0.09304571151733398
0.08989548683166504
0.0899498462677002
0.08919048309326172
0.09277558326721191
0.09110307693481445
0.08931803703308105
0.0902104377746582
0.08797621726989746
0.09296059608459473
0.08760261535644531
0.08942747116088867
0.09161043167114258
0.0903620719909668
0.0927884578704834
0.09209132194519043
0.09065127372741699
0.09029650688171387
0.09092164039611816
0.09077811241149902
0.09161257743835449
0.09192728996276855
0.09118485450744629
0.08993697166442871
0.09339547157287598
0.09058976173400879
0.09026527404785156
0.09055972099304199
0.09059762954711914
0.09049272537231445
0.09011316299438477
0.08931231498718262
0.0892946720123291
0.08826565742492676
0.09475350379943848
0.09842491149902344
0.09430718421936035
0.09148168563842773
0.09072422981262207
0.09586501121520996
0.08768677711486816
0.10167980194091797
0.09031295776367188
0.09032535552978516
0.09151411056518555
0.0899050235748291
0.08961629867553711
0.09388470649719238
0.09029388427734375
0.0892338752746582
0.09082221984863281
0.09051346778869629
0.09036803245544434
0.09119319915771484
0.09031295776367188
0.08952832221984863
0.08976221084594727
0.09116291999816895
0.08905434608459473
0.08890581130981445
0.09346294403076172
0.0884706974029541
0.09052801132202148
0.0897059440612793
0.09014153480529785
0.08879613876342773
0.09065866470336914
0.09780406951904297
0.09068179130554199
0.08965015411376953
0.09011173248291016
0.08892130851745605
0.09398627281188965
0.08725190162658691
0.09069514274597168
0.09286928176879883
0.09424734115600586
0.08877229690551758
0.09055256843566895
0.09030342102050781
0.09425115585327148
0.08969664573669434
0.09172224998474121
0.09433746337890625
0.08941864967346191
0.09031891822814941
0.09049534797668457
0.0896148681640625
0.10023045539855957
0.0894937515258789
0.09158205986022949
0.08854889869689941
0.0923454761505127
0.08973836898803711
0.09079098701477051
0.08928465843200684
0.08918452262878418
0.08867216110229492
0.08880972862243652
0.09142541885375977
0.08973336219787598
0.0906527042388916
0.09149551391601562
0.08858227729797363
0.08969545364379883
0.08801770210266113
0.08987593650817871
0.08926701545715332
0.09107422828674316
0.09581542015075684
0.08869266510009766
0.08931088447570801
0.08876872062683105
0.08884215354919434
0.09043359756469727
0.08980488777160645
0.08864903450012207
0.09006047248840332
0.0897367000579834
0.09002399444580078
0.08853578567504883
0.08922171592712402
0.08908319473266602
0.09013247489929199
0.0897831916809082
0.08837151527404785
0.10146570205688477
0.09959101676940918
0.0887899398803711
0.10019469261169434
0.08975458145141602
0.10065031051635742
0.08873844146728516
0.08956098556518555
0.1015939712524414
0.09939193725585938
0.08676934242248535
0.0926353931427002
0.08982706069946289
0.09223413467407227
0.10250997543334961
0.10135841369628906
0.09593844413757324
0.09899568557739258
0.08953690528869629
0.09037280082702637
0.08981800079345703
0.10192394256591797
0.08858752250671387
0.0921182632446289
0.08983826637268066
0.0898287296295166
0.09027838706970215
0.0889439582824707
0.08889150619506836
0.08981037139892578
0.09982609748840332
0.09868431091308594
0.08845353126525879
0.09062027931213379
0.09955167770385742
0.08887362480163574
0.08605694770812988
0.09258317947387695
0.0892481803894043
0.10047578811645508
0.08952951431274414
0.08995246887207031
0.09982514381408691
0.10012507438659668
0.0917208194732666
0.10185003280639648
0.09758615493774414
0.09356522560119629
0.09490847587585449
0.09650206565856934
0.09004759788513184
0.09066557884216309
0.0900726318359375
0.09522294998168945
0.09654450416564941
0.0935053825378418
0.09647226333618164
0.0896453857421875
0.09290170669555664
0.10007309913635254
0.09579992294311523
0.0949103832244873
0.10908842086791992
0.10648322105407715
0.0968623161315918
0.10038995742797852
0.09120941162109375
0.08754897117614746
0.09967517852783203
0.10050058364868164
0.09265923500061035
0.09320068359375
0.10128974914550781
0.0930471420288086
0.0896458625793457
0.0994112491607666
0.09549093246459961
0.09922051429748535
0.09763741493225098
0.10660266876220703
0.1020047664642334
0.10643196105957031
0.09456777572631836
0.09331536293029785
0.09838604927062988
0.09942412376403809
0.10033822059631348
0.1015779972076416
0.0903315544128418
0.09054112434387207
0.08999037742614746
0.1015174388885498
0.10024452209472656
0.09984588623046875
0.09049344062805176
0.09076881408691406
0.09349822998046875
0.10110068321228027
0.09896731376647949
0.09468221664428711
0.10063290596008301
0.09718441963195801
0.09638476371765137
0.09628033638000488
0.09512996673583984
0.0940542221069336
0.09015727043151855
0.09723544120788574
0.10126686096191406
0.11142563819885254
0.11394929885864258
0.09091711044311523
0.0994868278503418
0.10033154487609863
0.08725118637084961
0.09256768226623535
0.10122275352478027
0.09830617904663086
0.09078121185302734
0.09745359420776367
0.09323430061340332
0.09990477561950684
0.10165214538574219
0.10002493858337402
0.09415674209594727
0.09459090232849121
0.10091137886047363
0.09520483016967773
0.0881190299987793
0.0967569351196289
0.09280967712402344
0.09956645965576172
0.09209537506103516
0.10148453712463379
0.09932851791381836
0.09692502021789551
0.1091609001159668
0.10259127616882324
0.0891876220703125
0.09767770767211914
0.09443902969360352
0.10433840751647949
0.09929680824279785
0.1024477481842041
0.09670758247375488
0.10057210922241211
0.09907078742980957
0.08971071243286133
0.09214591979980469
0.1007237434387207
0.10073971748352051
0.0924072265625
0.08875823020935059
0.1006314754486084
0.08722758293151855
0.09935617446899414
0.0894312858581543
0.1014258861541748
0.10011863708496094
0.09734678268432617
0.09023213386535645
0.09964680671691895
0.09987068176269531
0.10047674179077148
0.09462404251098633
0.09382033348083496
0.10039806365966797
0.1000361442565918
0.0923147201538086
0.09525561332702637
0.09894037246704102
0.10265827178955078
0.10052108764648438
0.0882713794708252
0.09838056564331055
0.08839917182922363
0.09767365455627441
0.0991206169128418
0.09947919845581055
0.09923410415649414
0.08763694763183594
0.1002800464630127
0.09979605674743652
0.09577226638793945
0.08821988105773926
0.0878140926361084
0.08922243118286133
0.09970402717590332
0.09949159622192383
0.09998679161071777
0.09920787811279297
0.09518861770629883
0.09226536750793457
0.09853839874267578
0.09474921226501465
0.08963990211486816
0.1013038158416748
0.09329438209533691
0.09405803680419922
0.09282875061035156
0.08950066566467285
0.09192228317260742
0.08683109283447266
0.09361028671264648
0.10138869285583496
0.10378146171569824
0.09083747863769531
0.0961308479309082
0.0915684700012207
0.10098099708557129
0.0985417366027832
0.09968137741088867
0.09169793128967285
0.10355162620544434
0.09804368019104004
0.09191203117370605
0.09937119483947754
0.09425735473632812
0.09894895553588867
0.09812378883361816
0.09188294410705566
0.09982776641845703
0.09793996810913086
0.10104823112487793
0.10174441337585449
0.08851766586303711
0.10360503196716309
0.09106945991516113
0.10031962394714355
0.09140157699584961
0.09900021553039551
0.10010075569152832
0.09725284576416016
0.09490180015563965
0.09847307205200195
0.09988212585449219
0.10252642631530762
0.10491728782653809
0.08912873268127441
0.09821534156799316
0.099853515625
0.08878660202026367
0.09883975982666016
0.10311174392700195
0.09630012512207031
0.0905458927154541
0.10252261161804199
0.11041593551635742
0.10989499092102051
0.10306167602539062
0.09939932823181152
0.09291768074035645
0.09731340408325195
0.10270047187805176
0.09918713569641113
0.10013079643249512
0.10087251663208008
0.08963394165039062
0.10132932662963867
0.10043954849243164
0.10268640518188477
0.10024428367614746
0.10113024711608887
0.10019159317016602
0.10142922401428223
0.10144281387329102
0.10286068916320801
0.10216569900512695
0.10054206848144531
0.10183501243591309
0.10034584999084473
0.09945988655090332
0.09932327270507812
0.09384369850158691
0.0876929759979248
0.09303069114685059
0.10002613067626953
0.10288619995117188
0.1004636287689209
0.1019752025604248
0.09160685539245605
0.09854602813720703
0.09945368766784668
0.0902256965637207
0.09885644912719727
0.10234355926513672
0.10012602806091309
0.10027122497558594
0.10079336166381836
0.10181188583374023
0.09954285621643066
0.09600830078125
0.09259271621704102
0.10180854797363281
0.10118842124938965
0.09594583511352539
0.09730339050292969
0.10130929946899414
0.10106897354125977
0.10009646415710449
0.10297608375549316
0.10010719299316406
0.09910774230957031
0.1050257682800293
0.09624576568603516
0.09316301345825195
0.10110068321228027
0.1036229133605957
0.10108590126037598
0.09979796409606934
0.10371875762939453
0.09209299087524414
0.09875297546386719
0.0991356372833252
0.1028130054473877
0.08978748321533203
0.1026601791381836
0.10013866424560547
0.10095977783203125
0.10115194320678711
0.09745192527770996
0.09149432182312012
0.10135221481323242
0.10302996635437012
0.09956765174865723
0.09909319877624512
0.09068918228149414
0.10333466529846191
0.09804010391235352
0.09813833236694336
0.10314822196960449
0.09887123107910156
0.1028139591217041
0.10076451301574707
0.08958888053894043
0.09975385665893555
0.09835672378540039
0.09938311576843262
0.08806848526000977
0.09037303924560547
0.09808230400085449
0.09903693199157715
0.09754538536071777
0.08899974822998047
0.09927582740783691
0.08653450012207031
0.1026310920715332
0.09826183319091797
0.10151338577270508
0.08808231353759766
0.09755444526672363
0.1006922721862793
0.09433221817016602
0.08874082565307617
0.09896016120910645
0.099090576171875
0.10260152816772461
0.09913134574890137
0.09729695320129395
0.09064292907714844
0.09300756454467773
0.09927845001220703
0.09326624870300293
0.09337186813354492
0.09334564208984375
0.09100222587585449
0.11996150016784668
0.10867094993591309
0.1020057201385498
0.08855795860290527
0.10022425651550293
0.10147547721862793
0.09871172904968262
0.10097670555114746
0.0992128849029541
0.08995604515075684
0.09990119934082031
0.1012568473815918
0.10051202774047852
0.10164833068847656
0.1004631519317627
0.1003563404083252
0.10200929641723633
0.09956765174865723
0.09980988502502441
0.100128173828125
0.0994729995727539
0.09812784194946289
0.0993032455444336
0.0983266830444336
0.0967862606048584
0.09972238540649414
0.09906291961669922
0.09980249404907227
0.10013604164123535
0.10005712509155273
0.09925246238708496
0.09999513626098633
0.1007843017578125
0.09952592849731445
0.09972906112670898
0.10350775718688965
0.0989375114440918
0.09943866729736328
0.10408377647399902
0.10317540168762207
0.09834074974060059
0.0993034839630127
0.10456967353820801
0.09791684150695801
0.10113191604614258
0.10393118858337402
0.09339308738708496
0.09266233444213867
0.10149312019348145
0.09907889366149902
0.10319399833679199
0.09799361228942871
0.09796428680419922
0.10122823715209961
0.10328960418701172
0.09780073165893555
0.09746670722961426
0.09201383590698242
0.09491181373596191
0.09866714477539062
0.10012459754943848
0.10287237167358398
0.10348367691040039
0.0996558666229248
0.09947347640991211
0.10204243659973145
0.09969592094421387
0.10064005851745605
0.09541010856628418
0.09138226509094238
0.10393595695495605
0.09881043434143066
0.10375690460205078
0.09941220283508301
0.09882760047912598
0.10225224494934082
0.10325431823730469
0.09771609306335449
0.09909677505493164
0.1025238037109375
0.10207843780517578
0.09852123260498047
0.09902286529541016
0.09915041923522949
0.10281610488891602
0.0977010726928711
0.09888672828674316
0.10325217247009277
0.10339784622192383
0.09820055961608887
0.10081958770751953
0.10306620597839355
0.0996098518371582
0.09997200965881348
0.09931468963623047
0.10027313232421875
0.1005709171295166
0.10212421417236328
0.09898591041564941
0.0991520881652832
0.10069990158081055
0.10042619705200195
0.0957329273223877
0.09925985336303711
0.10245084762573242
0.10085558891296387
0.1040658950805664
0.1002964973449707
0.09914684295654297
0.10048484802246094
0.1011056900024414
0.09923481941223145
0.09958910942077637
0.10146975517272949
0.10126662254333496
0.10033321380615234
0.0993340015411377
0.10256576538085938
0.10038471221923828
0.7666559219360352
0.09433889389038086
0.08778548240661621
0.08689045906066895
0.09093737602233887
0.09101176261901855
0.0976414680480957
0.09090137481689453
0.0931251049041748
0.09167957305908203
0.09117531776428223
0.08883166313171387
0.09087967872619629
0.09120321273803711
0.09000587463378906
0.08988833427429199
0.09086465835571289
0.09087395668029785
0.10965490341186523
0.08962345123291016
0.08944535255432129
0.08967900276184082
0.09045696258544922
0.08727288246154785
0.08665895462036133
0.08910703659057617
0.08690476417541504
0.08671855926513672
0.08683109283447266
0.08872723579406738
0.08812141418457031
0.08721804618835449
0.09266471862792969
0.08782815933227539
0.08694839477539062
0.08986186981201172
0.08894920349121094
0.08743715286254883
0.08734011650085449
0.09238290786743164
0.08821225166320801
0.08658790588378906
0.0858917236328125
0.08500456809997559
0.0864877700805664
0.08694314956665039
0.09040975570678711
0.08722400665283203
0.0870053768157959
0.0909578800201416
0.09064841270446777
0.09790182113647461
0.09324073791503906
0.08994102478027344
0.0901334285736084
0.08747220039367676
0.09105944633483887
0.08833503723144531
0.0902853012084961
0.09224581718444824
0.08914947509765625
0.09091448783874512
0.09650516510009766
0.09090113639831543
0.0900716781616211
0.08921051025390625
0.09121298789978027
0.08813905715942383
0.0900871753692627
0.0897676944732666
0.09243392944335938
0.09234356880187988
0.08939957618713379
0.0919957160949707
0.08997464179992676
0.08999085426330566
0.08898615837097168
0.08874750137329102
0.09017205238342285
0.09035968780517578
0.08915972709655762
0.0916452407836914
0.08894181251525879
0.08854269981384277
0.09004926681518555
0.09047198295593262
0.08748650550842285
0.08916544914245605
0.09022998809814453
0.09040307998657227
0.0909421443939209
0.09195327758789062
0.0892941951751709
0.09068179130554199
0.09136676788330078
0.09389185905456543
0.09137082099914551
0.0912320613861084
0.0935208797454834
0.10277795791625977
0.09980154037475586
0.09096193313598633
0.0888819694519043
0.0940704345703125
0.09051871299743652
0.09110450744628906
0.09039759635925293
0.08871316909790039
0.08876776695251465
0.08965158462524414
0.09055423736572266
0.08951950073242188
0.08886861801147461
0.09090471267700195
0.08925676345825195
0.0911107063293457
0.09286355972290039
0.10095643997192383
0.09932398796081543
0.09111690521240234
0.09001994132995605
0.09055638313293457
0.09371590614318848
0.09641718864440918
0.08990859985351562
0.08987545967102051
0.09118437767028809
0.09770059585571289
0.09302592277526855
0.09752464294433594
0.0930166244506836
0.10581207275390625
0.10028290748596191
0.09276676177978516
0.08969402313232422
0.08826351165771484
0.09021973609924316
0.09012508392333984
0.1005253791809082
0.09527873992919922
0.09524989128112793
0.10007429122924805
0.09513688087463379
0.09193897247314453
0.0890355110168457
0.09718179702758789
0.09452295303344727
0.09843063354492188
0.09165668487548828
0.09379148483276367
0.09907770156860352
0.10131049156188965
0.10352802276611328
0.10129570960998535
0.09045720100402832
0.10213470458984375
0.10269856452941895
0.09000229835510254
0.10263299942016602
0.10066652297973633
0.09658026695251465
0.09084677696228027
0.09297490119934082
0.0991969108581543
0.09756898880004883
0.09256458282470703
0.10013437271118164
0.1006312370300293
0.10120987892150879
0.1025242805480957
0.09009861946105957
0.09032297134399414
0.08900737762451172
0.09748101234436035
0.09109234809875488
0.10380196571350098
0.10469985008239746
0.10020565986633301
0.10344958305358887
0.10003328323364258
0.10167551040649414
0.09669756889343262
0.09269952774047852
0.10126113891601562
0.10007190704345703
0.09516429901123047
0.08907341957092285
0.09442496299743652
0.10434627532958984
0.10075998306274414
0.093414306640625
0.09859800338745117
0.09822821617126465
0.10109686851501465
0.08992552757263184
0.10749602317810059
0.1060788631439209
0.10175848007202148
0.1013641357421875
0.10103821754455566
0.09747934341430664
0.08809185028076172
0.09606528282165527
0.09966611862182617
0.09979486465454102
0.09390616416931152
0.09024429321289062
0.09528160095214844
0.10593008995056152
0.10102391242980957
0.09416604042053223
0.09633255004882812
0.09924530982971191
0.10188579559326172
0.10064029693603516
0.0892648696899414
0.1032557487487793
0.10322833061218262
0.1011359691619873
0.10083174705505371
0.1006462574005127
0.10269570350646973
0.10015988349914551
0.10335755348205566
0.10437941551208496
0.08999848365783691
0.10068273544311523
0.10213398933410645
0.1011495590209961
0.10065770149230957
0.10219907760620117
0.10343575477600098
0.09594058990478516
0.09361076354980469
0.10324358940124512
0.09817028045654297
0.09211397171020508
0.09555578231811523
0.09206795692443848
0.09602952003479004
0.09378290176391602
0.09670066833496094
0.1037757396697998
0.10076665878295898
0.1025536060333252
0.10169506072998047
0.10069513320922852
0.09994149208068848
0.09029245376586914
0.10555267333984375
0.09928679466247559
0.09656929969787598
0.09292411804199219
0.09869790077209473
0.10033869743347168
0.09843873977661133
0.09370255470275879
0.0999755859375
0.10060691833496094
0.10066509246826172
0.10324382781982422
0.10402488708496094
0.10138320922851562
0.10478734970092773
0.09836196899414062
0.10172915458679199
0.10403895378112793
0.10368895530700684
0.09960675239562988
0.11095023155212402
0.1036214828491211
0.09288406372070312
0.09245562553405762
0.7369954586029053
0.08661055564880371
0.0981597900390625
0.08690476417541504
0.08405494689941406
0.08875608444213867
0.08914017677307129
0.08657097816467285
0.08829665184020996
0.08827567100524902
0.08727288246154785
0.08762431144714355
0.08903193473815918
0.0889441967010498
0.09217429161071777
0.09217238426208496
0.08911490440368652
0.08908414840698242
0.0884397029876709
0.08833074569702148
0.09356808662414551
0.08876705169677734
0.08831501007080078
0.08878135681152344
0.08923220634460449
0.0883779525756836
0.08952903747558594
0.09028792381286621
0.08939123153686523
0.09217000007629395
0.09028053283691406
0.09128832817077637
0.09029984474182129
0.08892416954040527
0.0914161205291748
0.09041714668273926
0.09693408012390137
0.08872032165527344
0.08934473991394043
0.08966279029846191
0.0899507999420166
0.08900213241577148
0.09026598930358887
0.0998849868774414
0.09875822067260742
0.08841967582702637
0.10530710220336914
0.09475064277648926
0.09012556076049805
0.09061384201049805
0.10045671463012695
0.09770083427429199
0.09371089935302734
0.10242342948913574
0.10045003890991211
0.10093545913696289
0.09138178825378418
0.10226106643676758
0.10015153884887695
0.10140585899353027
0.10015630722045898
0.1037750244140625
0.10447883605957031
0.10025238990783691
0.1013491153717041
0.10121750831604004
0.09983038902282715
0.10063862800598145
0.10000824928283691
0.09187006950378418
0.0992279052734375
0.09984374046325684
0.0895698070526123
0.09807252883911133
0.10117888450622559
0.10109686851501465
0.1025390625
0.09858989715576172
0.0897209644317627
0.10233378410339355
0.10102200508117676
0.10030794143676758
0.10075640678405762
0.10121679306030273
0.10034704208374023
0.10042142868041992
0.1004784107208252
0.10133647918701172
0.10127782821655273
0.0894784927368164
0.10068893432617188
0.09924769401550293
0.10102534294128418
0.10005664825439453
0.10321235656738281
0.10094380378723145
0.10083222389221191
0.10057473182678223
0.10064911842346191
0.1009674072265625
0.10156869888305664
0.10111141204833984
0.10049247741699219
0.09997296333312988
0.10216093063354492
0.10126757621765137
0.09956669807434082
0.10183119773864746
0.10036683082580566
0.09909367561340332
0.09998512268066406
0.10108256340026855
0.10189318656921387
0.10133838653564453
0.10156702995300293
0.10015439987182617
0.10004663467407227
0.10065960884094238
0.10127758979797363
0.10070610046386719
0.10062217712402344
0.10207605361938477
0.10066556930541992
0.10153388977050781
0.0999307632446289
0.10007905960083008
0.10060954093933105
0.09907245635986328
0.09246015548706055
0.10115194320678711
0.10053896903991699
0.10122299194335938
0.1018679141998291
0.10071849822998047
0.1007089614868164
0.10119366645812988
0.10011148452758789
0.10395359992980957
0.101593017578125
0.09958219528198242
0.10043096542358398
0.09986042976379395
0.10215282440185547
0.10132551193237305
0.10003900527954102
0.10279583930969238
0.10094738006591797
0.10109901428222656
0.10122489929199219
0.10167169570922852
0.1001741886138916
0.1015326976776123
0.10023736953735352
0.10054278373718262
0.09939432144165039
0.10032153129577637
0.10105299949645996
0.0999748706817627
0.1015629768371582
0.1003572940826416
0.10077643394470215
0.10055017471313477
0.10117626190185547
0.10007667541503906
0.10083580017089844
0.10011792182922363
0.10038399696350098
0.10073328018188477
0.10172772407531738
0.1024332046508789
0.10367393493652344
0.09996461868286133
0.1012108325958252
0.10079455375671387
0.1111445426940918
0.10680437088012695
0.11571455001831055
0.11157679557800293
0.11194205284118652
0.11253881454467773
0.11261153221130371
0.11266565322875977
0.11690831184387207
0.1125335693359375
0.11189723014831543
0.11375713348388672
0.1115567684173584
0.11251664161682129
0.11080527305603027
0.11473608016967773
0.11476993560791016
0.10935616493225098
0.11296391487121582
0.11638069152832031
0.11439347267150879
0.1101386547088623
0.1125795841217041
0.10148811340332031
0.1040964126586914
0.1108546257019043
0.10141682624816895
0.10361719131469727
0.10441875457763672
0.09966802597045898
0.10170722007751465
0.10504937171936035
0.10270929336547852
0.10146307945251465
0.10270261764526367
0.10169744491577148
0.110626220703125
0.11612153053283691
0.1149897575378418
0.11033487319946289
0.11396312713623047
0.10504794120788574
0.11490702629089355
0.09887504577636719
0.101593017578125
0.10515546798706055
0.10365939140319824
0.09964466094970703
0.10088253021240234
0.0987553596496582
0.10257792472839355
0.09999513626098633
0.10113406181335449
0.1040961742401123
0.10500073432922363
0.10006260871887207
0.10051345825195312
0.10226559638977051
0.1053919792175293
0.10042762756347656
0.1020359992980957
0.10527300834655762
0.10618233680725098
0.10140180587768555
0.11306595802307129
0.11294078826904297
0.10913658142089844
0.11173248291015625
0.11196351051330566
0.11011791229248047
0.11235213279724121
0.11275053024291992
0.1116940975189209
0.11111283302307129
0.11554145812988281
0.11343002319335938
0.11216616630554199
0.11454892158508301
0.11170673370361328
0.11702561378479004
0.1142735481262207
0.10102438926696777
0.11152815818786621
0.11118340492248535
0.11104488372802734
0.1096200942993164
0.11210775375366211
0.11462998390197754
0.11155533790588379
0.11154866218566895
0.1148996353149414
0.11272549629211426
0.1121821403503418
0.1128995418548584
0.11282062530517578
0.11170697212219238
0.1226646900177002
0.1106574535369873
0.11373114585876465
0.12309002876281738
0.12351560592651367
0.11853885650634766
0.1142277717590332
0.12003564834594727
0.12449121475219727
0.10289502143859863
0.10465192794799805
0.1002035140991211
0.1002955436706543
0.10059571266174316
0.1010885238647461
0.10148310661315918
0.10163402557373047
0.10084128379821777
0.10158610343933105
0.10251450538635254
0.10140562057495117
0.10072994232177734
0.10213255882263184
0.10105419158935547
0.10397076606750488
0.1012411117553711
0.10557150840759277
0.09915995597839355
0.10224556922912598
0.10480046272277832
0.09935736656188965
0.10447239875793457
0.10526823997497559
0.10031700134277344
0.10135364532470703
0.10088062286376953
0.1031193733215332
0.10024642944335938
0.10150384902954102
0.1022186279296875
0.10406851768493652
0.0991525650024414
0.10136938095092773
0.10391092300415039
0.10473251342773438
0.09992074966430664
0.10197591781616211
0.10513973236083984
0.0988922119140625
0.10466313362121582
0.10308623313903809
0.09904360771179199
0.10127449035644531
0.10351181030273438
0.10508036613464355
0.10033321380615234
0.09999299049377441
0.10359430313110352
0.10396862030029297
0.10026693344116211
0.09980583190917969
0.10395431518554688
0.10556817054748535
0.09979963302612305
0.10055971145629883
0.1041100025177002
0.10441231727600098
0.10031962394714355
0.10069799423217773
0.09963822364807129
0.10296058654785156
0.10145759582519531
0.1018373966217041
0.10050010681152344
0.10134339332580566
0.10233926773071289
0.10369753837585449
0.09999299049377441
0.10156917572021484
0.10150551795959473
0.10153412818908691
0.10106134414672852
0.1030125617980957
0.10099005699157715
0.10236668586730957
0.09980154037475586
0.10123825073242188
0.1039113998413086
0.10247039794921875
0.10017967224121094
0.10239219665527344
0.1013331413269043
0.10136628150939941
0.10146903991699219
0.10163044929504395
0.10103249549865723
0.10147285461425781
0.10065078735351562
0.10152959823608398
0.10079336166381836
0.1001894474029541
0.10746026039123535
0.10017752647399902
0.1017768383026123
0.11171603202819824
0.1126716136932373
0.1035928726196289
0.1071162223815918
0.1134176254272461
0.12385988235473633
0.1258094310760498
0.11659073829650879
0.11399650573730469
0.112396240234375
0.1196584701538086
0.10300636291503906
0.10969114303588867
0.11430907249450684
0.1125800609588623
0.11200451850891113
0.11209893226623535
0.11100625991821289
0.11301970481872559
0.11296510696411133
0.11422061920166016
0.11388230323791504
0.1122586727142334
0.11200070381164551
0.11253857612609863
0.11320972442626953
0.11718153953552246
0.11238360404968262
0.11251282691955566
0.11142492294311523
0.10141277313232422
0.10231757164001465
0.1009516716003418
0.11546730995178223
0.11065173149108887
0.1155540943145752
0.11253881454467773
0.11398839950561523
0.11879515647888184
0.12158083915710449
0.11270928382873535
0.11761331558227539
0.12222027778625488
0.1217043399810791
0.11107468605041504
0.1018524169921875
0.11269569396972656
0.09981274604797363
0.10146284103393555
0.10061168670654297
0.09932613372802734
0.09953022003173828
0.10045433044433594
0.10012173652648926
0.10460948944091797
0.10144543647766113
0.10209298133850098
0.10417771339416504
0.10152888298034668
0.09992623329162598
0.1006019115447998
0.10399365425109863
0.09932327270507812
0.10203027725219727
0.10065913200378418
0.10393238067626953
0.10329627990722656
0.10454726219177246
0.09862995147705078
0.10055017471313477
0.10019326210021973
0.10199642181396484
0.11498641967773438
0.11098933219909668
0.11299705505371094
0.11291909217834473
0.1130075454711914
0.11293816566467285
0.11319613456726074
0.11686515808105469
0.1112220287322998
0.11521267890930176
0.1110527515411377
0.11536145210266113
0.11694192886352539
0.11479783058166504
0.11109566688537598
0.11217141151428223
0.11224532127380371
0.11910080909729004
0.11419105529785156
0.10241580009460449
0.10057544708251953
0.10034561157226562
0.10201787948608398
0.10138225555419922
0.10494494438171387
0.10428643226623535
0.10170221328735352
0.10056614875793457
0.10118269920349121
0.10230445861816406
0.10159969329833984
0.10251402854919434
0.10210919380187988
0.1015925407409668
0.10807085037231445
0.1031644344329834
0.10528135299682617
0.10155415534973145
0.1021580696105957
0.10291004180908203
0.10103297233581543
0.1029195785522461
0.1031045913696289
0.1026906967163086
0.10130810737609863
0.1022942066192627
0.10139870643615723
0.10287809371948242
0.10230231285095215
0.11230731010437012
0.1001274585723877
0.10082125663757324
0.11062836647033691
0.11203527450561523
0.1022493839263916
0.10146522521972656
0.10090112686157227
0.1008901596069336
0.10540461540222168
0.10045719146728516
0.10068726539611816
0.10125064849853516
0.10024166107177734
0.10059428215026855
0.10087275505065918
0.1004025936126709
0.09920668601989746
0.1009209156036377
0.100250244140625
0.10056900978088379
0.1009218692779541
0.10296177864074707
0.10010600090026855
0.10138821601867676
0.10117769241333008
0.1013028621673584
0.10157275199890137
0.10098743438720703
0.10121321678161621
0.0994715690612793
0.1008608341217041
0.09934353828430176
0.10082745552062988
0.10165905952453613
0.10162782669067383
0.10072541236877441
0.09870195388793945
0.10484504699707031
0.09979248046875
0.09830403327941895
0.1002204418182373
0.09952139854431152
0.09898161888122559
0.09712910652160645
0.09995508193969727
0.09962010383605957
0.10297083854675293
0.09895658493041992
0.10936951637268066
0.11165094375610352
0.1014716625213623
0.10004210472106934
0.11031365394592285
0.10047149658203125
0.11108112335205078
0.10067033767700195
0.10098910331726074
0.10203146934509277
0.1013343334197998
0.11131501197814941
0.10173916816711426
0.09936094284057617
0.09904313087463379
0.1032257080078125
0.09964323043823242
0.0994729995727539
0.10036420822143555
0.10108613967895508
0.10064101219177246
0.11083722114562988
0.10349464416503906
0.10114431381225586
0.10107183456420898
0.09946084022521973
0.09953594207763672
0.10121011734008789
0.10340094566345215
0.10204601287841797
0.10231733322143555
0.1023111343383789
0.10355567932128906
0.10027480125427246
0.7442185878753662
0.1045222282409668
0.0975198745727539
0.09713220596313477
0.11199116706848145
0.11764097213745117
0.10934567451477051
0.11072850227355957
0.11815214157104492
0.1079258918762207
0.10600948333740234
0.10616302490234375
0.10386228561401367
0.10986971855163574
0.10884666442871094
0.11329507827758789
0.11533212661743164
0.11408305168151855
0.1136922836303711
0.11533927917480469
0.1105964183807373
0.1084280014038086
0.11331629753112793
0.11200976371765137
0.10789704322814941
0.09200143814086914
0.10831284523010254
0.09707283973693848
0.10791397094726562
0.10459375381469727
0.10327386856079102
0.10691690444946289
0.10956788063049316
0.11138319969177246
0.11203980445861816
0.10720038414001465
0.10812807083129883
0.10811519622802734
0.11191749572753906
0.10294270515441895
0.11816215515136719
0.11576056480407715
0.11583352088928223
0.10488557815551758
0.10071158409118652
0.10325360298156738
0.10595345497131348
0.10787415504455566
0.1122128963470459
0.12151169776916504
0.11847925186157227
0.10649728775024414
0.10561943054199219
0.1092841625213623
0.11226034164428711
0.11733293533325195
0.10675191879272461
0.12110614776611328
0.11763429641723633
0.11983537673950195
0.1185615062713623
0.11527109146118164
0.10771465301513672
0.11711955070495605
0.11662483215332031
0.11740803718566895
0.10258603096008301
0.10188150405883789
0.11440706253051758
0.11701107025146484
0.11777377128601074
0.11840248107910156
0.10795974731445312
0.11373710632324219
0.1175081729888916
0.11662411689758301
0.11344146728515625
0.11878776550292969
0.1193547248840332
0.1193704605102539
0.1185612678527832
0.12030410766601562
0.12110161781311035
0.11978840827941895
0.10552334785461426
0.10168600082397461
0.11831045150756836
0.12195491790771484
0.12124323844909668
0.11959052085876465
0.11890196800231934
0.11556649208068848
0.11836981773376465
0.11765933036804199
0.11970758438110352
0.12133145332336426
0.11925196647644043
0.11713051795959473
0.11982131004333496
0.1030263900756836
0.11857914924621582
0.11967277526855469
0.11749458312988281
0.11842870712280273
0.11068153381347656
0.10878753662109375
0.11829471588134766
0.1162722110748291
0.10872387886047363
0.12062263488769531
0.11925673484802246
0.12122631072998047
0.11483216285705566
0.11915040016174316
0.11641073226928711
0.11890625953674316
0.11855816841125488
0.12038326263427734
0.12254214286804199
0.11986780166625977
0.11715388298034668
0.11666464805603027
0.11452579498291016
0.1176447868347168
0.11918926239013672
0.11154031753540039
0.11297297477722168
0.11482477188110352
0.11555695533752441
0.11752939224243164
0.1244051456451416
0.11820530891418457
0.11406922340393066
0.11945533752441406
0.11679768562316895
0.1208333969116211
0.11991286277770996
0.12015771865844727
0.11905312538146973
0.11771821975708008
0.11786651611328125
0.11627078056335449
0.11766910552978516
0.1206362247467041
0.12268829345703125
0.12015295028686523
0.1221170425415039
0.11184501647949219
0.10690855979919434
0.11951780319213867
0.1166379451751709
0.1182403564453125
0.10671210289001465
0.11865925788879395
0.11841130256652832
0.11848998069763184
0.11813044548034668
0.11894011497497559
0.11708974838256836
0.11946606636047363
0.1238102912902832
0.10940933227539062
0.1191713809967041
0.09943914413452148
0.1234133243560791
0.10899662971496582
0.12010908126831055
0.12149786949157715
0.11934399604797363
0.12372779846191406
0.11911845207214355
0.11707067489624023
0.11734771728515625
0.11786317825317383
0.11588525772094727
0.1137080192565918
0.10500860214233398
0.11671185493469238
0.11925601959228516
0.11168742179870605
0.12124967575073242
0.11223578453063965
0.1170496940612793
0.11550307273864746
0.1055905818939209
0.1061863899230957
0.1204380989074707
0.11852359771728516
0.12354660034179688
0.1181793212890625
0.1233515739440918
0.1234123706817627
0.1201467514038086
0.11994647979736328
0.12425923347473145
0.1204075813293457
0.11931657791137695
0.12046098709106445
0.12151312828063965
0.11305642127990723
0.12194561958312988
0.11776256561279297
0.12316250801086426
0.11645817756652832
0.12256336212158203
0.10936188697814941
0.12324810028076172
0.11829876899719238
0.12313461303710938
0.12328720092773438
0.11904644966125488
0.11833715438842773
0.11925077438354492
0.11146378517150879
0.12290596961975098
0.1186521053314209
0.12214922904968262
0.11754417419433594
0.12160134315490723
0.1101374626159668
0.11945939064025879
0.1232748031616211
0.12222695350646973
0.10946226119995117
0.1263582706451416
0.12324690818786621
0.12182331085205078
0.10888195037841797
0.12450695037841797
0.12324905395507812
0.12444305419921875
0.11191153526306152
0.12961149215698242
0.11939239501953125
0.1196286678314209
0.12273669242858887
0.12159919738769531
0.11262869834899902
0.12596893310546875
0.12552738189697266
0.1208796501159668
0.10960841178894043
0.12568378448486328
0.12610769271850586
0.12913846969604492
0.1274702548980713
0.1215815544128418
0.12801909446716309
0.11296820640563965
0.12172579765319824
0.12386035919189453
0.1156919002532959
0.1143808364868164
0.11197948455810547
0.11376953125
0.11357784271240234
0.11265158653259277
0.11550164222717285
0.12260007858276367
0.1210329532623291
0.11322212219238281
0.11224246025085449
0.1119530200958252
0.12281942367553711
0.11172366142272949
0.11258959770202637
0.11519598960876465
0.11581301689147949
0.11113500595092773
0.11396980285644531
0.1137533187866211
0.11665892601013184
0.11001944541931152
0.112640380859375
0.11633729934692383
0.11583662033081055
0.11095309257507324
0.11315369606018066
0.11660003662109375
0.1122891902923584
0.11151266098022461
0.11610054969787598
0.11040830612182617
0.11211824417114258
0.11278796195983887
0.1141352653503418
0.1096036434173584
0.11277914047241211
0.11681985855102539
0.11558127403259277
0.11070370674133301
0.11225461959838867
0.11582517623901367
0.11258769035339355
0.10997176170349121
0.11323928833007812
0.11502885818481445
0.11565876007080078
0.11190247535705566
0.11218667030334473
0.11603927612304688
0.1159048080444336
0.110565185546875
0.11304306983947754
0.11286759376525879
0.11327242851257324
0.11417055130004883
0.11294937133789062
0.1144566535949707
0.1131429672241211
0.11328577995300293
0.11199164390563965
0.11239862442016602
0.11214613914489746
0.11101627349853516
0.11244845390319824
0.1138906478881836
0.11475753784179688
0.1153414249420166
0.11484622955322266
0.1121377944946289
0.1152346134185791
0.11189079284667969
0.1134793758392334
0.11165070533752441
0.11389756202697754
0.11286115646362305
0.11281943321228027
0.11200714111328125
0.11194944381713867
0.11333274841308594
0.11128711700439453
0.1141810417175293
0.11196088790893555
0.11170172691345215
0.11506295204162598
0.11403512954711914
0.11279797554016113
0.11296463012695312
0.11536884307861328
0.11225438117980957
0.11176156997680664
0.11228513717651367
0.11175799369812012
0.11218738555908203
0.11360383033752441
0.11099457740783691
0.11218905448913574
0.11638236045837402
0.1148531436920166
0.11604094505310059
0.11314988136291504
0.11738753318786621
0.11132121086120605
0.11331367492675781
0.11177921295166016
0.11644625663757324
0.11237120628356934
0.11050939559936523
0.11340069770812988
0.1125023365020752
0.11221909523010254
0.11170196533203125
0.11174654960632324
0.11259579658508301
0.11248970031738281
0.11435198783874512
0.11236572265625
0.1159818172454834
0.11673808097839355
0.11131048202514648
0.11183285713195801
0.1183004379272461
0.11438846588134766
0.11128997802734375
0.11217379570007324
0.11052203178405762
0.11459469795227051
0.11062836647033691
0.11382341384887695
0.11072468757629395
0.11564064025878906
0.11109447479248047
0.11609268188476562
0.11090874671936035
0.11130928993225098
0.11281728744506836
0.11014962196350098
0.10952377319335938
0.11086058616638184
0.12705731391906738
0.11061239242553711
0.11159110069274902
0.10946321487426758
0.11062359809875488
0.11082720756530762
0.11007857322692871
0.11115312576293945
0.11055445671081543
0.10926389694213867
0.1115121841430664
0.1107633113861084
0.10881900787353516
0.11214041709899902
0.10995769500732422
0.11477255821228027
0.11307573318481445
0.11258912086486816
0.11377120018005371
0.11087250709533691
0.11509346961975098
0.11436200141906738
0.111114501953125
0.11144089698791504
0.11532783508300781
0.11574769020080566
0.1105659008026123
0.11177778244018555
0.11499261856079102
0.1159825325012207
0.11040949821472168
0.11219334602355957
0.11295890808105469
0.11608195304870605
0.10979342460632324
0.1134648323059082
0.1109459400177002
0.11085844039916992
0.11247563362121582
0.11150527000427246
0.11241531372070312
0.11100339889526367
0.11120772361755371
0.11331510543823242
0.11167621612548828
0.11342573165893555
0.1133127212524414
0.11394524574279785
0.11242175102233887
0.11438417434692383
0.11293292045593262
0.11191344261169434
0.11480450630187988
0.11016678810119629
0.11579465866088867
0.11569619178771973
0.11280322074890137
0.11175227165222168
0.11244559288024902
0.11570882797241211
0.10963320732116699
0.1112983226776123
0.112152099609375
0.11311888694763184
0.11155319213867188
0.11138796806335449
0.1134181022644043
0.11317968368530273
0.11281180381774902
0.11309504508972168
0.11258459091186523
0.11134171485900879
0.1148672103881836
0.11258149147033691
0.1123661994934082
0.11336827278137207
0.1108248233795166
0.11297941207885742
0.11419200897216797
0.11549568176269531
0.12814617156982422
0.1203615665435791
0.11495304107666016
0.11186623573303223
0.11370158195495605
0.11327505111694336
0.11162137985229492
0.11260557174682617
0.11273932456970215
0.11439085006713867
0.11230707168579102
0.11452007293701172
0.11361813545227051
0.11011266708374023
0.11351323127746582
0.11350774765014648
0.11345887184143066
0.11353826522827148
0.11346983909606934
0.11700296401977539
0.1129903793334961
0.11268758773803711
0.11169886589050293
0.11307859420776367
0.11242055892944336
0.11473345756530762
0.11500263214111328
0.11342263221740723
0.11385512351989746
0.1132807731628418
0.11161994934082031
0.12018418312072754
0.12179994583129883
0.12222051620483398
0.12033271789550781
0.1203618049621582
0.11610746383666992
0.11391925811767578
0.11208033561706543
0.11291170120239258
0.11345314979553223
0.11300253868103027
0.11266088485717773
0.10938572883605957
0.11207246780395508
0.11411261558532715
0.1152944564819336
0.11213207244873047
0.11579704284667969
0.11182951927185059
0.11656641960144043
0.10911130905151367
0.11234474182128906
0.11599278450012207
0.1158895492553711
0.10931825637817383
0.11569428443908691
0.11156868934631348
0.11597347259521484
0.10957217216491699
0.11456441879272461
0.11124825477600098
0.11256122589111328
0.112152099609375
0.11518096923828125
0.11002969741821289
0.11318159103393555
0.10956573486328125
0.1122591495513916
0.10207343101501465
0.11210393905639648
0.10953927040100098
0.10125541687011719
0.11252641677856445
0.1161203384399414
0.10915637016296387
0.11338019371032715
0.11107730865478516
0.1159677505493164
0.10915756225585938
0.11391949653625488
0.11390542984008789
0.11214017868041992
0.1114351749420166
0.11162900924682617
0.11166644096374512
0.1132669448852539
0.11223554611206055
0.11533927917480469
0.11170673370361328
0.11272501945495605
0.11171817779541016
0.11481976509094238
0.11207008361816406
0.11180973052978516
0.10960221290588379
0.11221837997436523
0.11259889602661133
0.11485171318054199
0.11122250556945801
0.1132211685180664
0.1112067699432373
0.1115579605102539
0.11586570739746094
0.11331915855407715
0.11605477333068848
0.1142876148223877
0.11501479148864746
0.11273598670959473
0.11224484443664551
0.11273455619812012
0.11216449737548828
0.11282038688659668
0.10270094871520996
0.10493588447570801
0.10280609130859375
0.1128699779510498
0.10256147384643555
0.10124516487121582
0.11441755294799805
0.11872053146362305
0.11283230781555176
0.11185336112976074
0.12183904647827148
0.11332225799560547
0.1145315170288086
0.11383318901062012
0.11367034912109375
0.11418986320495605
0.11263132095336914
0.11422252655029297
0.11286735534667969
0.11238241195678711
0.11138105392456055
0.11149787902832031
0.11287665367126465
0.11203551292419434
0.1117253303527832
0.11411118507385254
0.11270284652709961
0.11331582069396973
0.11349105834960938
0.1123189926147461
0.11211371421813965
0.11375236511230469
0.11219930648803711
0.11328363418579102
0.11503243446350098
0.112548828125
0.1123971939086914
0.11624860763549805
0.11039996147155762
0.11204338073730469
0.1159524917602539
0.11278367042541504
0.1118929386138916
0.1112985610961914
0.1298964023590088
0.12027525901794434
0.11235833168029785
0.11334538459777832
0.11202692985534668
0.11336874961853027
0.11414527893066406
0.11634588241577148
0.11298656463623047
0.11482119560241699
0.1110999584197998
0.11311721801757812
0.11225390434265137
0.1139991283416748
0.11321878433227539
0.11457324028015137
0.11118507385253906
0.11231851577758789
0.11210417747497559
0.11206388473510742
0.11254763603210449
0.11471319198608398
0.11446070671081543
0.1128389835357666
0.11311078071594238
0.11258149147033691
0.11589932441711426
0.11267876625061035
0.11326217651367188
0.11358451843261719
0.11355376243591309
0.11412191390991211
0.11531209945678711
0.11554288864135742
0.11409711837768555
0.11227893829345703
0.1137537956237793
0.11397767066955566
0.11307644844055176
0.11360764503479004
0.11156678199768066
0.11301374435424805
0.11274099349975586
0.11206269264221191
0.11097264289855957
0.11251044273376465
0.11372876167297363
0.11775374412536621
0.1152031421661377
0.11437869071960449
0.1136939525604248
0.11514806747436523
0.11506938934326172
0.11399245262145996
0.11403441429138184
0.11479449272155762
0.11384463310241699
0.11556529998779297
0.11528539657592773
0.11356234550476074
0.11278462409973145
0.11266827583312988
0.11576986312866211
0.11314749717712402
0.1129751205444336
0.11368823051452637
0.11348223686218262
0.11207270622253418
0.11359238624572754
0.11366510391235352
0.11338496208190918
0.11307334899902344
0.11380529403686523
0.11320829391479492
0.11294841766357422
0.1138918399810791
0.11665821075439453
0.11254739761352539
0.11394500732421875
0.11488151550292969
0.11674165725708008
0.114776611328125
0.1178286075592041
0.11582350730895996
0.11296463012695312
0.11407876014709473
0.11262273788452148
0.11339211463928223
0.7317450046539307
0.0957033634185791
0.08494043350219727
0.09331560134887695
0.0962069034576416
0.10061001777648926
0.0901639461517334
0.09046602249145508
0.08972716331481934
0.08964943885803223
0.09064984321594238
0.09012389183044434
0.09065794944763184
0.08980607986450195
0.09028863906860352
0.08991765975952148
0.09116363525390625
0.0895545482635498
0.08936023712158203
0.0905756950378418
0.09152841567993164
0.09702539443969727
0.0908362865447998
0.09615683555603027
0.10376358032226562
0.09925198554992676
0.0904538631439209
0.10131144523620605
0.09975981712341309
0.08917117118835449
0.09975624084472656
0.10197758674621582
0.09999775886535645
0.09979629516601562
0.10038948059082031
0.09914422035217285
0.10078978538513184
0.099945068359375
0.09904885292053223
0.1002206802368164
0.1011507511138916
0.10031270980834961
0.1038813591003418
0.09851884841918945
0.1120462417602539
0.1024630069732666
0.09992170333862305
0.10051417350769043
0.1009981632232666
0.11202812194824219
0.11250782012939453
0.10413718223571777
0.1001746654510498
0.11026978492736816
0.10935854911804199
0.11529374122619629
0.11068439483642578
0.10906600952148438
0.10291862487792969
0.09943866729736328
0.09494662284851074
0.09943628311157227
0.09862256050109863
0.0981600284576416
0.10303068161010742
0.09919118881225586
0.09848165512084961
0.10009622573852539
0.10046672821044922
0.10199117660522461
0.10001587867736816
0.0990297794342041
0.100830078125
0.10019421577453613
0.09607386589050293
0.09834480285644531
0.10326147079467773
0.09914159774780273
0.10556960105895996
0.10360383987426758
0.10203194618225098
0.11194324493408203
0.1146402359008789
0.11084985733032227
0.11571884155273438
0.11522364616394043
0.11033272743225098
0.11228203773498535
0.11599421501159668
0.11473202705383301
0.10958218574523926
0.11145162582397461
0.11569547653198242
0.11267590522766113
0.11335420608520508
0.11237883567810059
0.11173272132873535
0.11173510551452637
0.11274361610412598
0.1102132797241211
0.11057662963867188
0.11187171936035156
0.11219358444213867
0.11249995231628418
0.11319327354431152
0.11643552780151367
0.11165690422058105
0.11299347877502441
0.1003570556640625
0.11318182945251465
0.11221837997436523
0.11211752891540527
0.11163830757141113
0.11269068717956543
0.11162972450256348
0.11160755157470703
0.09925198554992676
0.09941983222961426
0.11198234558105469
0.11218976974487305
0.11171936988830566
0.10225319862365723
0.10189199447631836
0.1118624210357666
0.09974884986877441
0.09984302520751953
0.10138511657714844
0.10071754455566406
0.09905409812927246
0.10230612754821777
0.10086560249328613
0.1030118465423584
0.09880375862121582
0.10275101661682129
0.10001540184020996
0.10123825073242188
0.10250043869018555
0.10103750228881836
0.10127401351928711
0.09908747673034668
0.1013185977935791
0.09838223457336426
0.09710454940795898
0.10154867172241211
0.10032415390014648
0.09942841529846191
0.10290169715881348
0.10017037391662598
0.0996103286743164
0.09905600547790527
0.10278797149658203
0.10119867324829102
0.09966540336608887
0.10507893562316895
0.10012984275817871
0.10403108596801758
0.10536813735961914
0.09904098510742188
0.10056138038635254
0.10271477699279785
0.10135197639465332
0.10546636581420898
0.10370206832885742
0.1105947494506836
0.11150622367858887
0.1112205982208252
0.11434078216552734
0.1090853214263916
0.11092829704284668
0.11559367179870605
0.11541152000427246
0.11220574378967285
0.11234378814697266
0.11232852935791016
0.11223578453063965
0.1091461181640625
0.11149930953979492
0.11358928680419922
0.11058425903320312
0.1036672592163086
0.1142113208770752
0.10926198959350586
0.12244391441345215
0.12499117851257324
0.12369441986083984
0.11266636848449707
0.10152316093444824
0.10115551948547363
0.11156511306762695
0.10119390487670898
0.10000038146972656
0.10438013076782227
0.10034680366516113
0.10157155990600586
0.10179781913757324
0.1006631851196289
0.10480570793151855
0.10109972953796387
0.10416245460510254
0.10116124153137207
0.11139917373657227
0.11315107345581055
0.11570000648498535
0.11174178123474121
0.11354351043701172
0.11283278465270996
0.11387848854064941
0.11958765983581543
0.11310100555419922
0.12559819221496582
0.11397004127502441
0.1123666763305664
0.11264324188232422
0.11301875114440918
0.1129157543182373
0.11475419998168945
0.11349678039550781
0.11362242698669434
0.11434555053710938
0.1271805763244629
0.10408973693847656
0.11258554458618164
0.1138603687286377
0.11358857154846191
0.1012723445892334
0.10179471969604492
0.1026465892791748
0.10094976425170898
0.10156798362731934
0.10145378112792969
0.10468649864196777
0.10148262977600098
0.10091328620910645
0.09983253479003906
0.1020975112915039
0.10201668739318848
0.10042071342468262
0.10066056251525879
0.10054707527160645
0.11266493797302246
0.11347365379333496
0.11356186866760254
0.11454129219055176
0.10052824020385742
0.10165047645568848
0.10318732261657715
0.10202264785766602
0.10031318664550781
0.10159754753112793
0.10178017616271973
0.09769773483276367
0.10073685646057129
0.10053825378417969
0.10237526893615723
0.10234880447387695
0.11234283447265625
0.11326456069946289
0.10118818283081055
0.11649799346923828
0.11145186424255371
0.1142270565032959
0.09988164901733398
0.10204076766967773
0.10003495216369629
0.10065293312072754
0.10108232498168945
0.10361242294311523
0.1016697883605957
0.10082101821899414
0.10238003730773926
0.10149288177490234
0.10124015808105469
0.10238194465637207
0.1024482250213623
0.10356593132019043
0.11145281791687012
0.10078740119934082
0.10370969772338867
0.10435223579406738
0.10135221481323242
0.10057544708251953
0.10006308555603027
0.10214447975158691
0.10044479370117188
0.10000896453857422
0.09993696212768555
0.10061526298522949
0.10056114196777344
0.10105013847351074
0.10184288024902344
0.10091686248779297
0.10956215858459473
0.10705304145812988
0.11097264289855957
0.11221599578857422
0.10537242889404297
0.10027408599853516
0.10266375541687012
0.11182022094726562
0.11412620544433594
0.11449265480041504
0.11227250099182129
0.11180806159973145
0.1100771427154541
0.11341691017150879
0.11362481117248535
0.11176085472106934
0.10102534294128418
0.10340452194213867
0.10287213325500488
0.10146355628967285
0.10071516036987305
0.10073256492614746
0.10239696502685547
0.10086536407470703
0.10237360000610352
0.10155415534973145
0.10073208808898926
0.10088825225830078
0.10018110275268555
0.10018157958984375
0.09888815879821777
0.10014152526855469
0.10016441345214844
0.10030269622802734
0.10006451606750488
0.11357259750366211
0.11364436149597168
0.11249184608459473
0.11314654350280762
0.11382675170898438
0.1026616096496582
0.10271310806274414
0.10089898109436035
0.10046124458312988
0.10156083106994629
0.09958791732788086
0.10101723670959473
0.10181832313537598
0.1003115177154541
0.10248422622680664
0.09926486015319824
0.10342192649841309
0.10087823867797852
0.1011664867401123
0.10120010375976562
0.10320329666137695
0.10090041160583496
0.10033202171325684
0.10417771339416504
0.10108685493469238
0.10084271430969238
0.10204505920410156
0.10089969635009766
0.10311007499694824
0.10191917419433594
0.10162043571472168
0.10055184364318848
0.10464906692504883
0.09845757484436035
0.09957027435302734
0.1022343635559082
0.10398387908935547
0.10084915161132812
0.10348343849182129
0.1109774112701416
0.10177206993103027
0.10144734382629395
0.10131168365478516
0.10261273384094238
0.10109090805053711
0.1009969711303711
0.10253143310546875
0.1038210391998291
0.10225510597229004
0.10004210472106934
0.10117125511169434
0.10512876510620117
0.09898996353149414
0.10357475280761719
0.10193800926208496
0.10342144966125488
0.10312342643737793
0.10037469863891602
0.10082864761352539
0.10164642333984375
0.10337424278259277
0.10101580619812012
0.10287666320800781
0.11255621910095215
0.11375784873962402
0.11443305015563965
0.11498641967773438
0.11551833152770996
0.11282157897949219
0.11202573776245117
0.11294865608215332
0.11376714706420898
0.1148979663848877
0.10307073593139648
0.11175870895385742
0.11349034309387207
0.11301803588867188
0.11289739608764648
0.11283707618713379
0.11225080490112305
0.11180925369262695
0.11330986022949219
0.11347532272338867
0.11158204078674316
0.11334896087646484
0.11497092247009277
0.11043787002563477
0.11143922805786133
0.1132204532623291
0.11243152618408203
0.1138617992401123
0.11503338813781738
0.11873412132263184
0.11294913291931152
0.1158607006072998
0.11301422119140625
0.1163780689239502
0.11205863952636719
0.11259675025939941
0.11087226867675781
0.11148309707641602
0.11164140701293945
0.11304616928100586
0.11097311973571777
0.11255311965942383
0.1137230396270752
0.11308622360229492
0.11201024055480957
0.11284804344177246
0.11252522468566895
0.11226344108581543
0.1120767593383789
0.11240506172180176
0.11213254928588867
0.11304855346679688
0.1228032112121582
0.12049293518066406
0.11290931701660156
0.11154913902282715
0.11230993270874023
0.11460423469543457
0.11689639091491699
0.11257767677307129
0.11252737045288086
0.1130979061126709
0.1123800277709961
0.11176657676696777
0.1115257740020752
0.11202454566955566
0.11395835876464844
0.11252903938293457
0.11239933967590332
0.11339426040649414
0.11223459243774414
0.11215949058532715
0.11129164695739746
0.11536598205566406
0.11316704750061035
0.11334085464477539
0.11279654502868652
0.11146187782287598
0.11625528335571289
0.11418008804321289
0.11244773864746094
0.11584591865539551
0.11312675476074219
0.1169133186340332
0.11293411254882812
0.11614871025085449
0.11203145980834961
0.11267852783203125
0.11074471473693848
0.11232113838195801
0.11424136161804199
0.11540627479553223
0.11242055892944336
0.11196732521057129
0.1095438003540039
0.11186671257019043
0.11287736892700195
0.11552619934082031
0.11031770706176758
0.11388015747070312
0.1173250675201416
0.11279773712158203
0.1096796989440918
0.11232399940490723
0.11417579650878906
0.11620044708251953
0.11180901527404785
0.11325764656066895
0.10936951637268066
0.11226272583007812
0.11539316177368164
0.11235976219177246
0.11230325698852539
0.1133263111114502
0.11495327949523926
0.11344408988952637
0.11250424385070801
0.11435198783874512
0.11257815361022949
0.1131904125213623
0.11574435234069824
0.11518025398254395
0.1122746467590332
0.11319470405578613
0.11196303367614746
0.11385941505432129
0.11293983459472656
0.11254739761352539
0.11258053779602051
0.11356282234191895
0.1125345230102539
0.11480069160461426
0.11421465873718262
0.11371636390686035
0.11318731307983398
0.1128997802734375
0.11060714721679688
0.11143231391906738
0.11179256439208984
0.11593270301818848
0.11311841011047363
0.11273431777954102
0.1123051643371582
0.11799383163452148
0.11199188232421875
0.11636137962341309
0.11438870429992676
0.11707377433776855
0.11460375785827637
0.11812520027160645
0.11496543884277344
0.11433720588684082
0.11547446250915527
0.11129903793334961
0.11196613311767578
0.11191701889038086
0.11179637908935547
0.11101984977722168
0.1118314266204834
0.11277151107788086
0.11124563217163086
0.1120307445526123
0.11021232604980469
0.1140587329864502
0.11147594451904297
0.11089015007019043
0.10993123054504395
0.11243891716003418
0.11240696907043457
0.11299300193786621
0.11373066902160645
0.11526823043823242
0.11202406883239746
0.11018586158752441
0.11191368103027344
0.1091923713684082
0.11118674278259277
0.11245322227478027
0.11233997344970703
0.11085176467895508
0.10989117622375488
0.11300539970397949
0.10996508598327637
0.11019754409790039
0.11354899406433105
0.10955286026000977
0.1116948127746582
0.11173558235168457
0.11338162422180176
0.1124715805053711
0.11164283752441406
0.11198973655700684
0.11064577102661133
0.11132502555847168
0.11122727394104004
0.11246562004089355
0.1292431354522705
0.10704755783081055
0.11147952079772949
0.11178398132324219
0.11539196968078613
0.11015129089355469
0.11242341995239258
0.11601805686950684
0.11077237129211426
0.11181330680847168
0.11420583724975586
0.11106634140014648
0.11278915405273438
0.11596465110778809
0.11667299270629883
0.11043047904968262
0.11539435386657715
0.11136817932128906
0.11194729804992676
0.11290359497070312
0.11571359634399414
0.10933351516723633
0.11386656761169434
0.11287784576416016
0.11519980430603027
0.1097257137298584
0.11323261260986328
0.11505913734436035
0.11648058891296387
0.11066579818725586
0.11693382263183594
0.11166548728942871
0.11195230484008789
0.11276388168334961
0.11329293251037598
0.11001896858215332
0.1124119758605957
0.11369204521179199
0.11548542976379395
0.11350560188293457
0.1121671199798584
0.11288571357727051
0.11420679092407227
0.1119694709777832
0.1131596565246582
0.11282849311828613
0.11257123947143555
0.1130530834197998
0.1108250617980957
0.11271190643310547
0.11144232749938965
0.11304593086242676
0.11176800727844238
0.11333799362182617
0.11320376396179199
0.11241292953491211
0.11285662651062012
0.11228609085083008
0.11277103424072266
0.11574125289916992
0.11025071144104004
0.11123967170715332
0.11117291450500488
0.11584115028381348
0.10997724533081055
0.11154699325561523
0.11278009414672852
0.11394548416137695
0.11031389236450195
0.11417508125305176
0.11633849143981934
0.11544179916381836
0.10921263694763184
0.1129143238067627
0.11428689956665039
0.1154167652130127
0.10909318923950195
0.11293148994445801
0.11646437644958496
0.11543130874633789
0.10939598083496094
0.1157984733581543
0.11186981201171875
0.11464118957519531
0.11031222343444824
0.11613345146179199
0.11278033256530762
0.11291766166687012
0.11460208892822266
0.11572861671447754
0.10973906517028809
0.11502337455749512
0.11656403541564941
0.11505889892578125
0.10933732986450195
0.11286234855651855
0.11243271827697754
0.11584091186523438
0.11001706123352051
0.11267495155334473
0.11524128913879395
0.11497306823730469
0.10982799530029297
0.11272215843200684
0.11207699775695801
0.11309671401977539
0.11378169059753418
0.11365771293640137
0.11334681510925293
0.11196637153625488
0.11124110221862793
0.11208820343017578
0.11214804649353027
0.1124114990234375
0.11231803894042969
0.11203694343566895
0.11125421524047852
0.11085867881774902
0.11312294006347656
0.11266160011291504
0.11583471298217773
0.11227965354919434
0.11103606224060059
0.1141357421875
0.11440205574035645
0.11253714561462402
0.1109774112701416
0.11232280731201172
0.11119246482849121
0.11287808418273926
0.11981463432312012
0.11252427101135254
0.11217331886291504
0.11330771446228027
0.11322283744812012
0.11527371406555176
0.11897897720336914
0.11732888221740723
0.1118462085723877
0.11320114135742188
0.11296749114990234
0.11725831031799316
0.11308026313781738
0.11322188377380371
0.11284589767456055
0.11355757713317871
0.11396408081054688
0.11432552337646484
0.11407351493835449
0.11297225952148438
0.11540508270263672
0.11165738105773926
0.1168680191040039
0.11627984046936035
0.11005139350891113
0.11239457130432129
0.11687922477722168
0.11673092842102051
0.11101031303405762
0.11158394813537598
0.11386585235595703
0.11653566360473633
0.10991644859313965
0.1118474006652832
0.11353850364685059
0.11495375633239746
0.10952019691467285
0.11624622344970703
0.11450505256652832
0.11593317985534668
0.10986018180847168
0.11629176139831543
0.11211585998535156
0.11235928535461426
0.11210966110229492
0.11314654350280762
0.11261582374572754
0.11469817161560059
0.11214852333068848
0.1145176887512207
0.11768078804016113
0.11430239677429199
0.11413025856018066
0.11126255989074707
0.11163544654846191
0.11295056343078613
0.11293745040893555
0.11266326904296875
0.11419367790222168
0.11228060722351074
0.1118173599243164
0.11530256271362305
0.11275434494018555
0.11222004890441895
0.11159420013427734
0.11310982704162598
0.11339855194091797
0.11268472671508789
0.11426067352294922
0.11318850517272949
0.11214733123779297
0.11351680755615234
0.11224865913391113
0.11146950721740723
0.11191248893737793
0.11401176452636719
0.11237716674804688
0.11287331581115723
0.1118006706237793
0.11352968215942383
0.11195063591003418
0.11201715469360352
0.1110076904296875
0.11383867263793945
0.11261820793151855
0.11449217796325684
0.11150932312011719
0.1149592399597168
0.11293363571166992
0.11209845542907715
0.11361026763916016
0.11215949058532715
0.11417627334594727
0.11259317398071289
0.11175799369812012
0.11195182800292969
0.11332583427429199
0.1135399341583252
0.1116187572479248
0.11416983604431152
0.11347818374633789
0.11238241195678711
0.11580610275268555
0.11297607421875
0.11185646057128906
0.11247658729553223
0.11267399787902832
0.11263823509216309
0.11185216903686523
0.11152482032775879
0.1146848201751709
0.1112520694732666
0.11456584930419922
0.11428713798522949
0.11208057403564453
0.11109447479248047
0.11249279975891113
0.11147069931030273
0.11102962493896484
0.11601972579956055
0.11468982696533203
0.1120598316192627
0.11423206329345703
0.1108710765838623
0.11265301704406738
0.11183595657348633
0.12683534622192383
0.11174440383911133
0.11388683319091797
0.11275696754455566
0.1117401123046875
0.1128075122833252
0.11364984512329102
0.1120152473449707
0.1116170883178711
0.11300110816955566
0.1116950511932373
0.11272644996643066
0.11195611953735352
0.11285781860351562
0.11371636390686035
0.11522173881530762
0.11499142646789551
0.11279726028442383
0.11424493789672852
0.11608719825744629
0.11349630355834961
0.11255836486816406
0.11309432983398438
0.11365485191345215
0.11225318908691406
0.11563587188720703
0.1124882698059082
0.11129117012023926
0.11354637145996094
0.11230039596557617
0.11216878890991211
0.11440849304199219
0.11368298530578613
0.11412239074707031
0.12917661666870117
0.11219596862792969
0.11236381530761719
0.11118030548095703
0.11485719680786133
0.1119997501373291
0.10257506370544434
0.1139218807220459
0.11377525329589844
0.11323666572570801
0.1155247688293457
0.11072659492492676
0.11229300498962402
0.11221981048583984
0.11261153221130371
0.11541938781738281
0.11289000511169434
0.11424636840820312
0.11295366287231445
0.11140727996826172
0.11399340629577637
0.11278867721557617
0.11371612548828125
0.11102938652038574
0.11356663703918457
0.1130073070526123
0.11173677444458008
0.11493659019470215
0.11043024063110352
0.11250662803649902
0.11597800254821777
0.11321663856506348
0.11149859428405762
0.11477375030517578
0.11625933647155762
0.11262011528015137
0.11508417129516602
0.11538457870483398
0.11618876457214355
0.11130905151367188
0.11843323707580566
0.11308050155639648
0.114990234375
0.1128394603729248
0.11484670639038086
0.11290431022644043
0.11226129531860352
0.11164402961730957
0.11610984802246094
0.11399626731872559
0.1112828254699707
0.11678051948547363
0.1129155158996582
0.1116180419921875
0.11145210266113281
0.11238265037536621
0.11409330368041992
0.11216592788696289
0.11368489265441895
0.11535429954528809
0.1154167652130127
0.11281418800354004
0.11237478256225586
0.11481714248657227
0.11126852035522461
0.11241650581359863
0.1115713119506836
0.11359405517578125
0.1118769645690918
0.11275410652160645
0.11294174194335938
0.11331295967102051
0.11067628860473633
0.1118927001953125
0.1136636734008789
0.1149752140045166
0.11375713348388672
0.11136317253112793
0.11219143867492676
0.11644935607910156
0.11181783676147461
0.1124413013458252
0.11358928680419922
0.11298251152038574
0.11129236221313477
0.11298179626464844
0.11265158653259277
0.11214447021484375
0.11195492744445801
0.11450314521789551
0.11297965049743652
0.11258673667907715
0.11232781410217285
0.11257004737854004
0.11410665512084961
0.11378335952758789
0.11167454719543457
0.11725568771362305
0.11597418785095215
0.11641931533813477
0.11346316337585449
0.11414194107055664
0.1126554012298584
0.11370730400085449
0.11334347724914551
0.11455726623535156
0.11234331130981445
0.11154937744140625
0.11107611656188965
0.11139702796936035
0.11360049247741699
0.11255955696105957
0.11214232444763184
0.11365199089050293
0.11243104934692383
0.11353302001953125
0.11247634887695312
0.11215782165527344
0.11263370513916016
0.11225438117980957
0.11357378959655762
0.11070799827575684
0.11091971397399902
0.1119990348815918
0.11201238632202148
0.1129007339477539
0.11372613906860352
0.11257386207580566
0.11165976524353027
0.11586356163024902
0.11129260063171387
0.11622095108032227
0.11512064933776855
0.11012077331542969
0.10104155540466309
0.1156923770904541
0.11599016189575195
0.11189413070678711
0.11267662048339844
0.11269593238830566
0.11733865737915039
0.11182808876037598
0.1127007007598877
0.11166620254516602
0.11290884017944336
0.10995244979858398
0.11510229110717773
0.11172604560852051
0.11316704750061035
0.10938262939453125
0.11209559440612793
0.11275744438171387
0.11282896995544434
0.11287641525268555
0.11209368705749512
0.11301183700561523
0.11370611190795898
0.11245942115783691
0.11262750625610352
0.11089873313903809
0.11301517486572266
0.11460065841674805
0.11197447776794434
0.11641883850097656
0.10285449028015137
0.11096882820129395
0.11431598663330078
0.11390066146850586
0.1146388053894043
0.11359643936157227
0.11212682723999023
0.11058807373046875
0.1200566291809082
0.11568045616149902
0.11379647254943848
0.11052370071411133
0.11094379425048828
0.11036300659179688
0.11004400253295898
0.1131899356842041
0.11087918281555176
0.11038446426391602
0.10085368156433105
0.11046242713928223
0.1105802059173584
0.1137549877166748
0.1108846664428711
0.1106724739074707
0.11900949478149414
0.11035728454589844
0.11119532585144043
0.11308455467224121
0.11111903190612793
0.11262226104736328
0.11182785034179688
0.1127774715423584
0.11513614654541016
0.11166644096374512
0.11554741859436035
0.11245965957641602
0.1116495132446289
0.11345148086547852
0.11134839057922363
0.11184477806091309
0.11310076713562012
0.11276674270629883
0.11498475074768066
0.11578702926635742
0.11228394508361816
0.11327767372131348
0.11221837997436523
0.1127009391784668
0.1124582290649414
0.11224889755249023
0.1122732162475586
0.11469197273254395
0.11159133911132812
0.11298608779907227
0.11032605171203613
0.11666750907897949
0.11247730255126953
0.11323380470275879
0.1132199764251709
0.1123037338256836
0.11161279678344727
0.11233782768249512
0.11129617691040039
0.10173892974853516
0.10097908973693848
0.1131284236907959
0.11202692985534668
0.11278486251831055
0.1119227409362793
0.114410400390625
0.11380338668823242
0.11311817169189453
0.1123495101928711
0.11304235458374023
0.11412191390991211
0.1124105453491211
0.11288714408874512
0.11220788955688477
0.11248922348022461
0.11081576347351074
0.11269736289978027
0.11400294303894043
0.11217832565307617
0.11403989791870117
0.11271977424621582
0.11255264282226562
0.12412643432617188
0.11327409744262695
0.12436580657958984
0.11825442314147949
0.11365556716918945
0.10388660430908203
0.11292123794555664
0.11838889122009277
0.11497998237609863
0.10265398025512695
0.10454607009887695
0.11141514778137207
0.11246895790100098
0.11211085319519043
0.11139607429504395
0.11245465278625488
0.11211252212524414
0.11385202407836914
0.1112966537475586
0.11169290542602539
0.11158251762390137
0.10785841941833496
0.101959228515625
0.10241317749023438
0.10113739967346191
0.1041877269744873
0.10040283203125
0.11365056037902832
0.10242247581481934
0.1060030460357666
0.10106468200683594
0.10756683349609375
0.8325107097625732
0.14338469505310059
0.1266613006591797
0.12796306610107422
0.13023614883422852
0.13739967346191406
0.1377701759338379
0.14046454429626465
0.13225388526916504
0.12743878364562988
0.13132047653198242
0.13714814186096191
0.12272381782531738
0.13465428352355957
0.12970185279846191
0.13231730461120605
0.12828946113586426
0.12949490547180176
0.1289234161376953
0.13354969024658203
0.12888097763061523
0.12085771560668945
0.13389015197753906
0.13909101486206055
0.12171459197998047
0.13678479194641113
0.13890361785888672
0.1360783576965332
0.1334550380706787
0.1385042667388916
0.1338503360748291
0.13727283477783203
0.13097906112670898
0.13481760025024414
0.12843537330627441
0.13338065147399902
0.12299776077270508
0.13304901123046875
0.12979531288146973
0.1347029209136963
0.12891602516174316
0.13351702690124512
0.13007450103759766
0.13544297218322754
0.1302955150604248
0.13151955604553223
0.13580012321472168
0.132415771484375
0.12221312522888184
0.13690972328186035
0.13041925430297852
0.13492035865783691
0.13017487525939941
0.13366484642028809
0.12891745567321777
0.1309201717376709
0.12998461723327637
0.1297447681427002
0.13627338409423828
0.13463115692138672
0.1213231086730957
0.1304032802581787
0.1320021152496338
0.13352227210998535
0.12889528274536133
0.1339411735534668
0.13071274757385254
0.13454937934875488
0.12874364852905273
0.13053131103515625
0.13401150703430176
0.13238906860351562
0.12574481964111328
0.13268256187438965
0.13201498985290527
0.1225733757019043
0.13030123710632324
0.12948107719421387
0.12988567352294922
0.13382196426391602
0.13494610786437988
0.13372254371643066
0.13132286071777344
0.13013005256652832
0.12838339805603027
0.13416576385498047
0.13397455215454102
0.13062620162963867
0.1303999423980713
0.1331796646118164
0.13309621810913086
0.13594460487365723
0.13321971893310547
0.1328599452972412
0.13227343559265137
0.1368849277496338
0.12794756889343262
0.13269686698913574
0.1359093189239502
0.13561248779296875
0.13224387168884277
0.13411164283752441
0.13573431968688965
0.13363957405090332
0.13892054557800293
0.13396501541137695
0.13148236274719238
0.12205004692077637
0.12417459487915039
0.1198420524597168
0.1313621997833252
0.1304786205291748
0.1298847198486328
0.12059283256530762
0.11842894554138184
0.1315171718597412
0.12941431999206543
0.1276392936706543
0.11904764175415039
0.11854171752929688
0.12289619445800781
0.13066363334655762
0.13112115859985352
0.13186240196228027
0.13105511665344238
0.13089799880981445
0.1320021152496338
0.13179826736450195
0.13324236869812012
0.13464832305908203
0.1296238899230957
0.13100910186767578
0.12565040588378906
0.13152670860290527
0.13065242767333984
0.1315152645111084
0.13418984413146973
0.13069653511047363
0.12926292419433594
0.12837433815002441
0.13099884986877441
0.14141321182250977
0.13863372802734375
0.1371152400970459
0.12539124488830566
0.13659358024597168
0.13492274284362793
0.13692140579223633
0.13212108612060547
0.13446712493896484
0.1334211826324463
0.1364889144897461
0.13555574417114258
0.13563847541809082
0.13470792770385742
0.13301873207092285
0.12518858909606934
0.13634252548217773
0.13259005546569824
0.13901495933532715
0.142287015914917
0.14082860946655273
0.13870525360107422
0.12873506546020508
0.13469839096069336
0.1300029754638672
0.13595366477966309
0.1284174919128418
0.12937307357788086
0.13018107414245605
0.13543915748596191
0.13030123710632324
0.1320819854736328
0.1310441493988037
0.13197827339172363
0.13067173957824707
0.1329042911529541
0.1300184726715088
0.12894630432128906
0.12761640548706055
0.12238574028015137
0.12647438049316406
0.12928462028503418
0.12976431846618652
0.12873435020446777
0.12633562088012695
0.12910866737365723
0.126784086227417
0.1294095516204834
0.12735843658447266
0.12829279899597168
0.1269512176513672
0.12365388870239258
0.1266474723815918
0.13071537017822266
0.12972021102905273
0.13125133514404297
0.12969231605529785
0.12900376319885254
0.1306774616241455
0.12763142585754395
0.12885642051696777
0.12961649894714355
0.1271517276763916
0.1255502700805664
0.12749576568603516
0.12882423400878906
0.12843537330627441
0.12889623641967773
0.1296696662902832
0.13370275497436523
0.13144850730895996
0.12886285781860352
0.1287226676940918
0.12943053245544434
0.129530668258667
0.12320613861083984
0.13127970695495605
0.13504648208618164
0.13411593437194824
0.13499999046325684
0.13436198234558105
0.13369226455688477
0.13188719749450684
0.1324312686920166
0.13087224960327148
0.1300961971282959
0.13048505783081055
0.12430095672607422
0.1317892074584961
0.1313762664794922
0.13100123405456543
0.12993645668029785
0.12911486625671387
0.12987327575683594
0.12980008125305176
0.1284472942352295
0.13162946701049805
0.12858939170837402
0.13040971755981445
0.12462711334228516
0.12997865676879883
0.1300361156463623
0.12935829162597656
0.12946510314941406
0.13016939163208008
0.12888574600219727
0.12951445579528809
0.1291658878326416
0.12963628768920898
0.13065481185913086
0.13406610488891602
0.1248929500579834
0.1381392478942871
0.1362018585205078
0.1369023323059082
0.13532638549804688
0.13608002662658691
0.13473224639892578
0.13563847541809082
0.1361386775970459
0.13660430908203125
0.13532686233520508
0.13750100135803223
0.12691426277160645
0.13786101341247559
0.13225197792053223
0.13230538368225098
0.13498687744140625
0.12404298782348633
0.13260340690612793
0.1327049732208252
0.13368916511535645
0.13027310371398926
0.13021087646484375
0.13149762153625488
0.1253187656402588
0.13063526153564453
0.13065433502197266
0.12204813957214355
0.12949705123901367
0.12929558753967285
0.11920857429504395
0.1289832592010498
0.14155912399291992
0.1298515796661377
0.12809085845947266
0.11848330497741699
0.1276090145111084
0.13049697875976562
0.1194305419921875
0.11901235580444336
0.13123130798339844
0.13495659828186035
0.13910865783691406
0.12878131866455078
0.1288909912109375
0.13033723831176758
0.12842774391174316
0.13139915466308594
0.12691545486450195
0.13810443878173828
0.12982392311096191
0.12864232063293457
0.12845897674560547
0.1300206184387207
0.13706707954406738
0.13918423652648926
0.1290302276611328
0.12962102890014648
0.12939763069152832
0.12843108177185059
0.13330769538879395
0.13046956062316895
0.1342451572418213
0.13277435302734375
0.14285778999328613
0.13852262496948242
0.11867904663085938
0.1320486068725586
0.13292789459228516
0.14321231842041016
0.13134336471557617
0.13170909881591797
0.12024283409118652
0.13476943969726562
0.1434917449951172
0.1382923126220703
0.13769841194152832
0.12374472618103027
0.1260840892791748
0.14059972763061523
0.1509411334991455
0.12081766128540039
0.13348793983459473
0.1273818016052246
0.13375353813171387
0.1326737403869629
0.1247856616973877
0.11581110954284668
0.14593935012817383
0.12029790878295898
0.13299989700317383
0.1192314624786377
0.12615060806274414
0.13654685020446777
0.13518977165222168
0.11788272857666016
0.11577343940734863
0.13563013076782227
0.13241314888000488
0.12865638732910156
0.12249898910522461
0.12678194046020508
0.12541890144348145
0.11945867538452148
0.12055373191833496
0.13007426261901855
0.1495513916015625
0.125777006149292
0.13616394996643066
0.13042616844177246
0.14512300491333008
0.12987971305847168
0.1419665813446045
0.13948369026184082
0.13122153282165527
0.142866849899292
0.12976527214050293
0.12876272201538086
0.14816832542419434
0.14434409141540527
0.14017438888549805
0.1459968090057373
0.12838006019592285
0.12664508819580078
0.1302042007446289
0.13684582710266113
0.1329340934753418
0.15354394912719727
0.1390995979309082
0.13894033432006836
0.1506032943725586
0.13587021827697754
0.1241610050201416
0.1458446979522705
0.14478397369384766
0.15021038055419922
0.13904213905334473
0.14042234420776367
0.1480879783630371
0.14441156387329102
0.131727933883667
0.14495253562927246
0.14511513710021973
0.14447784423828125
0.14429235458374023
0.14421987533569336
0.13318848609924316
0.14321565628051758
0.13460922241210938
0.1305828094482422
0.144883394241333
0.136336088180542
0.14331340789794922
0.14532971382141113
0.1374986171722412
0.1489248275756836
0.12718915939331055
0.14135026931762695
0.1431121826171875
0.13196015357971191
0.14445734024047852
0.1405043601989746
0.14973855018615723
0.13801813125610352
0.14910411834716797
0.14057707786560059
0.14247584342956543
0.1396017074584961
0.1335773468017578
0.14760875701904297
0.13711833953857422
0.13643240928649902
0.13619780540466309
0.14153361320495605
0.12816476821899414
0.14111614227294922
0.13916325569152832
0.12787795066833496
0.14018726348876953
0.13289928436279297
0.12875866889953613
0.13280701637268066
0.14519953727722168
0.14803647994995117
0.13493752479553223
0.14287137985229492
0.14443016052246094
0.14077401161193848
0.13888120651245117
0.14876151084899902
0.14406561851501465
0.1544036865234375
0.13925600051879883
0.14672136306762695
0.14389538764953613
0.13770365715026855
0.13119196891784668
0.1287546157836914
0.14158415794372559
0.1421341896057129
0.1343989372253418
0.12958002090454102
0.13798236846923828
0.14165091514587402
0.12811684608459473
0.1430187225341797
0.15639638900756836
0.14544010162353516
0.15257978439331055
0.14204740524291992
0.14868521690368652
0.13994240760803223
0.14921998977661133
0.13835549354553223
0.14371252059936523
0.1431257724761963
0.13705992698669434
0.13920092582702637
0.14838457107543945
0.13667941093444824
0.1419997215270996
0.13873052597045898
0.14083075523376465
0.13316607475280762
0.14821314811706543
0.1511080265045166
0.15220165252685547
0.15345382690429688
0.14052248001098633
0.15338516235351562
0.14095807075500488
0.1432476043701172
0.150742769241333
0.15029025077819824
0.14666962623596191
0.14343571662902832
0.1267716884613037
0.14023447036743164
0.13493585586547852
0.1394796371459961
0.12882590293884277
0.14440369606018066
0.14558053016662598
0.1357405185699463
0.14774084091186523
0.1466677188873291
0.14448046684265137
0.15096664428710938
0.1477193832397461
0.1409296989440918
0.14374923706054688
0.13857626914978027
0.12828588485717773
0.13010835647583008
0.14385080337524414
0.14734530448913574
0.1472930908203125
0.14528203010559082
0.1447000503540039
0.1438450813293457
0.14501357078552246
0.13922595977783203
0.15199851989746094
0.14861106872558594
0.1430957317352295
0.13469529151916504
0.14775514602661133
0.1453230381011963
0.14596176147460938
0.1449906826019287
0.14946484565734863
0.14171481132507324
0.15376782417297363
0.1543102264404297
0.15103983879089355
0.1519172191619873
0.1399674415588379
0.14686250686645508
0.1401515007019043
0.13828659057617188
0.14852166175842285
0.13402175903320312
0.14464926719665527
0.14472198486328125
0.14388298988342285
0.14475059509277344
0.14339852333068848
0.14377617835998535
0.1399388313293457
0.14185523986816406
0.15224242210388184
0.15488505363464355
0.1530911922454834
0.14893531799316406
0.1396951675415039
0.1334683895111084
0.14750409126281738
0.13189029693603516
0.14589285850524902
0.14827895164489746
0.13997554779052734
0.1476576328277588
0.1480095386505127
0.1445002555847168
0.14408135414123535
0.14361333847045898
0.14719390869140625
0.14494061470031738
0.1464390754699707
0.14308929443359375
0.14654135704040527
0.14496946334838867
0.13999199867248535
0.14697885513305664
0.15046024322509766
0.16151642799377441
0.16163158416748047
0.143021821975708
0.14949297904968262
0.15252184867858887
0.1541452407836914
0.15099883079528809
0.152601957321167
0.1533815860748291
0.14078545570373535
0.7463810443878174
0.12810635566711426
0.14229989051818848
0.14062809944152832
0.141099214553833
0.14266562461853027
0.14200258255004883
0.13560271263122559
0.13271212577819824
0.1353309154510498
0.1338026523590088
0.1337430477142334
0.12749528884887695
0.13486599922180176
0.1324632167816162
0.1347200870513916
0.1363210678100586
0.13753151893615723
0.13555383682250977
0.1352701187133789
0.14063572883605957
0.14554286003112793
0.13587474822998047
0.13475489616394043
0.12546920776367188
0.13625240325927734
0.13846421241760254
0.13524150848388672
0.1270585060119629
0.13638043403625488
0.13535165786743164
0.13562965393066406
0.13292598724365234
0.13228368759155273
0.13088274002075195
0.13197946548461914
0.12386870384216309
0.13325881958007812
0.13306069374084473
0.13726806640625
0.13493037223815918
0.13610339164733887
0.13593101501464844
0.13546133041381836
0.13279056549072266
0.13482189178466797
0.13152575492858887
0.13434314727783203
0.12822794914245605
0.13343453407287598
0.13240361213684082
0.12930655479431152
0.12945556640625
0.13364362716674805
0.13538289070129395
0.13325023651123047
0.13444924354553223
0.13425064086914062
0.13510370254516602
0.13404273986816406
0.12424421310424805
0.13778424263000488
0.13561534881591797
0.1337909698486328
0.13110923767089844
0.13295865058898926
0.13229966163635254
0.13318896293640137
0.13040590286254883
0.12857341766357422
0.1284923553466797
0.1319136619567871
0.1269073486328125
0.1348862648010254
0.13552570343017578
0.13458013534545898
0.13435864448547363
0.1376645565032959
0.13390755653381348
0.1314563751220703
0.13138580322265625
0.13108086585998535
0.1284806728363037
0.13086700439453125
0.1243276596069336
0.1305708885192871
0.13354802131652832
0.128220796585083
0.1297621726989746
0.12915802001953125
0.12016892433166504
0.13109493255615234
0.13553237915039062
0.1344594955444336
0.1353003978729248
0.13332533836364746
0.12455534934997559
0.13155770301818848
0.13276410102844238
0.13293766975402832
0.13469910621643066
0.13309264183044434
0.1324770450592041
0.13050484657287598
0.13161063194274902
0.13076448440551758
0.12992072105407715
0.12848305702209473
0.11550760269165039
0.12888526916503906
0.12910866737365723
0.13020014762878418
0.13026642799377441
0.1367497444152832
0.13510513305664062
0.13881945610046387
0.13199067115783691
0.1358928680419922
0.13650274276733398
0.12563872337341309
0.1328287124633789
0.13470721244812012
0.134291410446167
0.13521361351013184
0.13397789001464844
0.13167262077331543
0.13233351707458496
0.1311020851135254
0.1301271915435791
0.13225150108337402
0.13328838348388672
0.14315032958984375
0.12955951690673828
0.13580799102783203
0.13974499702453613
0.12822580337524414
0.13060283660888672
0.13717150688171387
0.12731719017028809
0.13515710830688477
0.13676857948303223
0.13109230995178223
0.13596892356872559
0.12993907928466797
0.1178903579711914
0.12659096717834473
0.13731813430786133
0.14111828804016113
0.14921951293945312
0.14072060585021973
0.14075446128845215
0.14575910568237305
0.1311473846435547
0.13443970680236816
0.13657093048095703
0.1385035514831543
0.13927483558654785
0.1404721736907959
0.13451266288757324
0.13204598426818848
0.13109779357910156
0.1450977325439453
0.14312529563903809
0.13924026489257812
0.14084959030151367
0.13232088088989258
0.14212894439697266
0.13585567474365234
0.1366736888885498
0.13485050201416016
0.14832711219787598
0.1337289810180664
0.1454012393951416
0.1420443058013916
0.14814352989196777
0.13003158569335938
0.14169073104858398
0.12955832481384277
0.1298069953918457
0.13180088996887207
0.13710308074951172
0.14118456840515137
0.14371275901794434
0.1421360969543457
0.1529374122619629
0.14386463165283203
0.13869547843933105
0.14560198783874512
0.13446378707885742
0.13425922393798828
0.14490175247192383
0.14955925941467285
0.12981820106506348
0.1453244686126709
0.1470775604248047
0.1347179412841797
0.14016461372375488
0.14753293991088867
0.140289306640625
0.15134954452514648
0.1366729736328125
0.14690899848937988
0.13322162628173828
0.13358569145202637
0.1418285369873047
0.1425762176513672
0.13871335983276367
0.1489100456237793
0.13702058792114258
0.14839434623718262
0.13744449615478516
0.15120410919189453
0.1379992961883545
0.1363236904144287
0.14882540702819824
0.1291663646697998
0.12632369995117188
0.1419975757598877
0.13978338241577148
0.13948416709899902
0.14506793022155762
0.14439988136291504
0.14060044288635254
0.12865996360778809
0.143172025680542
0.13390421867370605
0.14682984352111816
0.1369931697845459
0.13552045822143555
0.15258312225341797
0.14050650596618652
0.14990639686584473
0.1530625820159912
0.14651274681091309
0.13572168350219727
0.12880563735961914
0.1336832046508789
0.13780689239501953
0.13827776908874512
0.1408672332763672
0.13239336013793945
0.14276528358459473
0.14435029029846191
0.1392345428466797
0.15141534805297852
0.13949966430664062
0.1475052833557129
0.1332554817199707
0.1412944793701172
0.14170455932617188
0.13149619102478027
0.1436479091644287
0.14241886138916016
0.14709997177124023
0.14045476913452148
0.1398167610168457
0.15382051467895508
0.14207196235656738
0.14430665969848633
0.14779257774353027
0.13914084434509277
0.15073227882385254
0.1373586654663086
0.14708447456359863
0.12457633018493652
0.1413867473602295
0.14427733421325684
0.13702869415283203
0.13525915145874023
0.1456308364868164
0.13900208473205566
0.13444066047668457
0.13962554931640625
0.14080429077148438
0.13557791709899902
0.1551063060760498
0.14071178436279297
0.14962172508239746
0.14135456085205078
0.13658571243286133
0.14713120460510254
0.1364731788635254
0.14963579177856445
0.15108990669250488
0.14812731742858887
0.14656352996826172
0.14537286758422852
0.14893555641174316
0.14034247398376465
0.13248801231384277
0.14882540702819824
0.14601707458496094
0.14874482154846191
0.14693570137023926
0.14928507804870605
0.14856433868408203
0.13324403762817383
0.1479794979095459
0.14932584762573242
0.14755010604858398
0.13008856773376465
0.15012073516845703
0.15191411972045898
0.14610552787780762
0.15074753761291504
0.14955997467041016
0.1479969024658203
0.14799737930297852
0.13881254196166992
0.15102243423461914
0.15312981605529785
0.15363335609436035
0.14080595970153809
0.15099596977233887
0.15082526206970215
0.13522982597351074
0.1481785774230957
0.15058565139770508
0.14794301986694336
0.14639544486999512
0.13689756393432617
0.14135289192199707
0.14633631706237793
0.14742779731750488
0.1416475772857666
0.14954495429992676
0.140122652053833
0.14919328689575195
0.14631438255310059
0.14959001541137695
0.15015411376953125
0.1490495204925537
0.14801335334777832
0.14202523231506348
0.14232993125915527
0.15245676040649414
0.14337968826293945
0.15231800079345703
0.1408991813659668
0.15407061576843262
0.14653277397155762
0.14892363548278809
0.1471424102783203
0.14314556121826172
0.14618301391601562
0.15134024620056152
0.1498715877532959
0.15297794342041016
0.12762856483459473
0.14916491508483887
0.14780282974243164
0.15142059326171875
0.15302586555480957
0.15248394012451172
0.15113139152526855
0.137251615524292
0.13768267631530762
0.13761234283447266
0.13556194305419922
0.1351180076599121
0.13242244720458984
0.13831400871276855
0.13928484916687012
0.13838887214660645
0.13607120513916016
0.1375730037689209
0.13611483573913574
0.14844036102294922
0.14894700050354004
0.1474626064300537
0.1500856876373291
0.14619922637939453
0.14114689826965332
0.14456629753112793
0.15046381950378418
0.1464402675628662
0.1481165885925293
0.14600086212158203
0.1450212001800537
0.1326580047607422
0.138258695602417
0.13666892051696777
0.1425766944885254
0.14508771896362305
0.13859820365905762
0.1464400291442871
0.14688825607299805
0.14069747924804688
0.1499786376953125
0.14984631538391113
0.13899445533752441
0.13944220542907715
0.13915133476257324
0.14281988143920898
0.1320960521697998
0.14851045608520508
0.14163470268249512
0.1392197608947754
0.13921642303466797
0.1412675380706787
0.1522817611694336
0.1430222988128662
0.14108991622924805
0.1449129581451416
0.14430737495422363
0.14333271980285645
0.14488601684570312
0.14281463623046875
0.14521360397338867
0.15483999252319336
0.153062105178833
0.14935040473937988
0.15069985389709473
0.13492178916931152
0.1392366886138916
0.14802050590515137
0.15275025367736816
0.149794340133667
0.14089632034301758
0.14507579803466797
0.14045476913452148
0.14598560333251953
0.14969682693481445
0.1463310718536377
0.14803624153137207
0.14656972885131836
0.1469402313232422
0.15163922309875488
0.1562058925628662
0.15674400329589844
0.15346574783325195
0.15108633041381836
0.1424264907836914
0.15088295936584473
0.14372706413269043
0.14506125450134277
0.1524062156677246
0.15161657333374023
0.14960789680480957
0.15126848220825195
0.14995574951171875
0.14664697647094727
0.1492021083831787
0.14501738548278809
0.14417624473571777
0.14638757705688477
0.14732861518859863
0.14547324180603027
0.14564824104309082
0.1467912197113037
0.14766740798950195
0.1462569236755371
0.15013813972473145
0.15404176712036133
0.15014147758483887
0.15193986892700195
0.14174914360046387
0.15207910537719727
0.15281271934509277
0.15056824684143066
0.14980316162109375
0.14886713027954102
0.14781618118286133
0.14917492866516113
0.15008330345153809
0.14696121215820312
0.15120673179626465
0.14951372146606445
0.14166998863220215
0.14471030235290527
0.15263652801513672
0.14806485176086426
0.14719009399414062
0.14987778663635254
0.1468791961669922
0.14675617218017578
0.14859247207641602
0.14955449104309082
0.15210938453674316
0.15517663955688477
0.1412055492401123
0.1566791534423828
0.14056706428527832
0.14222288131713867
0.14010167121887207
0.14053058624267578
0.14037322998046875
0.13769745826721191
0.14048480987548828
0.13915538787841797
0.13860487937927246
0.13834023475646973
0.12956929206848145
0.14095139503479004
0.13935327529907227
0.1398909091949463
0.13820695877075195
0.13998675346374512
0.1365797519683838
0.13733386993408203
0.13760709762573242
0.1349930763244629
0.13731622695922852
0.13904833793640137
0.13244867324829102
0.14044809341430664
0.14242267608642578
0.1403214931488037
0.1533980369567871
0.15210485458374023
0.14829802513122559
0.15190863609313965
0.15210366249084473
0.15029501914978027
0.14092445373535156
0.14184260368347168
0.14179539680480957
0.1393740177154541
0.15027928352355957
0.1396477222442627
0.15209031105041504
0.14851164817810059
0.14028477668762207
0.14931821823120117
0.14966940879821777
0.14851689338684082
0.14745235443115234
0.14684581756591797
0.14530229568481445
0.14774799346923828
0.14874911308288574
0.14870309829711914
0.14944934844970703
0.1487884521484375
0.14829802513122559
0.15038657188415527
0.15697073936462402
0.1528639793395996
0.15338420867919922
0.1572401523590088
0.13357830047607422
0.1547374725341797
0.1546468734741211
0.15399694442749023
0.15393757820129395
0.15371370315551758
0.15333175659179688
0.15279459953308105
0.14369797706604004
0.13988232612609863
0.13891363143920898
0.14200878143310547
0.13098502159118652
0.14071130752563477
0.1412217617034912
0.15152406692504883
0.13878250122070312
0.14828848838806152
0.1469123363494873
0.14523720741271973
0.14670181274414062
0.14981412887573242
0.14794182777404785
0.1487131118774414
0.14183354377746582
0.14873623847961426
0.1451706886291504
0.14870357513427734
0.1469285488128662
0.1467752456665039
0.14893865585327148
0.14782214164733887
0.15094685554504395
0.14758563041687012
0.15159082412719727
0.15222501754760742
0.14385223388671875
0.1504347324371338
0.15109491348266602
0.1514742374420166
0.15326976776123047
0.14732861518859863
0.1474752426147461
0.1492159366607666
0.14640450477600098
0.1478738784790039
0.14696574211120605
0.14980030059814453
0.14297270774841309
0.14695143699645996
0.14870762825012207
0.14835762977600098
0.14637374877929688
0.14584851264953613
0.14809823036193848
0.14997220039367676
0.14972734451293945
0.1500415802001953
0.14954233169555664
0.14963531494140625
0.14121007919311523
0.15267109870910645
0.149519681930542
0.1478710174560547
0.14835548400878906
0.14847493171691895
0.14732646942138672
0.14861345291137695
0.14692115783691406
0.14693903923034668
0.1470332145690918
0.1468219757080078
0.14197111129760742
0.15036344528198242
0.14932751655578613
0.14986848831176758
0.14789748191833496
0.14930343627929688
0.1485292911529541
0.14967918395996094
0.15267372131347656
0.15461516380310059
0.15182232856750488
0.15328717231750488
0.14043092727661133
0.1602785587310791
0.15989160537719727
