0.8807799741253759
1.0537817156857026
1.1716903690196228
1.2678654983261286
1.3534669158160466
1.4142628785624034
1.458359572306331
1.5905110496053936
2.7748469321108953
2.5780122565060384
2.5780122565060384
2.318904962474815
2.1079499252789793
1.9391281128141085
1.7961274743790523
1.6696089225505957
1.5574104156750304
1.4686873923287946
1.3909630677472264
1.3206768875630497
1.2673496766049255
1.2201217440526624
1.06623557300598
2.9261252285894788
2.694024032366503
2.694024032366503
2.4556871668649904
2.2378288335316574
2.049732404960229
1.915207404960229
1.809528558806383
1.7384405111383094
1.6955410209399215
1.6691502333179196
1.6573668453108956
1.6548180378805037
1.646268524790145
3.072369387569643
2.9362096288158863
2.9362096288158863
2.4427390017945876
1.9924828686494522
1.7102831005782861
1.509341355180248
1.3684719471504752
1.2520505446794967
1.1570211470724632
1.0842305217017276
1.0225912523916567
0.8303478387880215
3.225797189933993
2.9866414111849604
2.9866414111849604
2.5408562705883884
2.2177637251441062
2.07106019360891
1.93968493718053
1.8333071454063872
1.7588318716596891
1.693351022386274
1.6509986931870149
1.6205681642631997
1.5439284804246627
3.386335638310646
3.1840813897169093
3.1840813897169093
2.7678520769168427
2.4184482646787107
2.152576328142997
1.9565304459726984
1.791453755115979
1.6672563967931842
1.5789833003941411
1.5124622790599707
1.4580533539531253
1.292576978555757
3.555690616891553
3.340978575375046
3.340978575375046
3.3286563902257753
3.3201507773212144
3.296465194578737
3.2765666511179274
3.260319895535869
3.247191333256671
3.2369831550165995
3.2286128046632196
3.2027654575482662
3.179145571624313
3.2816138141681472
3.2816138141681472
3.408045811310742
3.6885832165633192
3.6494746003032614
3.6494746003032614
3.3786067274763623
3.2257291202298664
3.087158126175316
2.9743390358662687
2.8887866671701063
2.821748739075286
2.7675389087187368
2.7226113504438048
2.6861925415770216
2.5965217248243255
3.896610151982702
3.751434413054967
3.751434413054967
2.971988972139542
2.5824762323936428
2.2984688541092058
2.0679992865404295
1.8987157883609798
1.7827922344164078
1.6926286535507424
1.6287211637640218
1.5826596108825213
1.4477436314522503
3.9915675244508826
3.7738444422539934
