0.8703345151656501
0.9917530949412638
1.0745054481946996
1.1550273499004025
1.2266964911294722
1.2775974524452016
1.3145170767264327
1.4251599044727399
0.4977730258028872
0.6519031996155795
0.6519031996155795
0.724369141131695
0.7833680799501492
0.8305833914081497
0.8779109435578744
0.9467837142530493
1.0078610971720323
1.0561591558677497
1.0984698645107147
1.1367314783286477
1.1657611559455079
1.191470575805842
1.2752414285265319
0.530867920771413
0.6237605184951488
0.6237605184951488
0.9148216878534472
1.292163390039057
1.6179559610470216
1.8509600959352248
2.0340012267589413
2.1750373288824703
2.2905448207830514
2.379283052743066
2.4444460420731473
2.4963282092048154
2.6703575461250195
0.47435479266511926
0.6840224346514754
0.6840224346514754
0.8449560941736716
0.9917963786030675
1.0838290932271288
1.1493614444288305
1.1794648060574158
1.2043437036754865
1.2246511952843568
1.2340727520786634
1.2420509480840776
1.2669337160280691
0.5374276751100959
0.6102597661891237
0.6102597661891237
0.8761328767574819
1.0688302375168874
1.173714486971192
1.2824941399848142
1.3941042708596456
1.4922662825790416
1.578573207957184
1.6343956256006735
1.68250871943972
1.8422891273786761
0.5037019732730212
0.6506482863461396
0.6506482863461396
0.9607548191150966
1.2210738341804033
1.4191584521161469
1.5343504325741943
1.6313456396998824
1.7043211060268564
1.7561883152882933
1.787207576964709
1.8125788754140129
1.889741776505537
0.539986013474079
0.6680435756397461
0.6680435756397461
0.9368112564593475
1.1223330471657105
1.2784858114499398
1.4096716302840637
1.5167821802913004
1.603335308971469
1.6706351203303238
1.7258186199266274
1.8962233232981682
2.051942965884328
2.23680056883214
2.23680056883214
2.234593690113012
0.4633502227765447
0.7102723079253291
0.7102723079253291
1.051563399343406
1.3059944643945902
1.5366153266484934
1.724377823867291
1.8667608757548004
1.9783307240222994
2.056110996030969
2.120573062787601
2.1728267747298653
2.340149784449336
0.5174930313262294
0.7210219109153091
0.7210219109153091
1.0660177827465571
1.261283855546608
1.4323546349918443
1.571177114888514
1.6731443953011076
1.742970513372937
1.7972802082457768
1.8357746451024615
1.8635196487762906
1.944785783128754
0.5092203317915052
0.6320887959256623
