0.6727898705441563
0.7191093569874212
0.7461800748047434
0.7702160404385681
0.7896998777971465
0.8494267141304745
2.7523689472366084
2.5262551608730166
2.3241662910806835
2.2257122482407987
2.1522763320687095
2.09478594718973
2.0482702172304235
2.012871670176759
1.9854682644313042
1.9098651454287476
2.780526151398293
2.613649220215831
2.5497246775992597
2.4825863722770327
2.4101663178124673
2.3394198835555633
2.260361190306762
2.1865669277528292
2.1093662688669226
2.03557200631299
1.9779921902992519
1.9072457560423481
1.8470046022986086
1.785799195754144
1.6865250886370475
1.5353724924744165
1.4168920529699143
1.332101081854716
1.2473730846704216
1.1784138142799412
1.1256494524885128
0.9663257411253269
2.769778457226446
2.545560271843274
2.0969014850176526
1.7348805913293277
1.4682923639583998
1.3279973918165828
1.2025146702717449
1.1094337469077986
1.0425828506426695
0.989649927940178
0.9501442756978088
0.8461304811340623
2.734030621616971
2.5399158673242272
2.236052586984579
2.0061913393142063
1.7978409984238943
1.6341671562306315
1.5055337051723092
1.398591924816569
1.3170817583879944
1.253930038263092
1.2004582261892172
1.1548648487954551
1.0310108245231264
2.7813786985790596
2.5805768157088984
2.498794243033563
2.398218003072886
2.33793538577198
2.268712115250382
2.158799682998603
2.037131821042742
1.7856378227218397
1.661609485559341
1.5618070781491706
1.4210069434658295
1.2571455871913297
1.1331172500288311
1.1331172500288311
0.946394820903373
0.946394820903373
1.209747082153841
1.3862682928814074
1.5175815366661938
1.6162449912963721
1.6918457058984941
1.7481632372528506
1.934002461618888
2.7557919253825744
2.6226190122125823
2.488105279929543
2.345695844097672
2.248028728375849
2.163145132685469
2.1087462658212828
2.076681332398151
2.04910539987424
2.036527060231001
2.0353098693955656
2.0312033238634934
2.8384560975684794
2.737270440147743
2.737270440147743
2.8679729023950467
2.98120191359419
3.062978712906644
3.1237873709613058
3.171490940729847
3.2077482941472195
3.2338918799611753
3.3062407794621285
2.809666676778255
2.890542821719176
2.911944812103961
2.9124822045043364
2.9129980390012102
2.9133804839701694
2.9136947520693055
2.9139460876732204
2.9076154086213006
2.894140634458274
2.8822603856790607
2.8453004204755934
2.805550060711137
2.8110037819697773
