0.7179534605448241
0.8158877863219903
0.9001400440625742
0.9749472355559962
1.0355868276786753
1.2214747986864196
0.32398897580068364
0.4306311607760483
0.6082487027195667
0.7317456422441513
0.8486991313010717
0.9576817106012114
1.0458600075401765
1.1129638366327568
1.1649115466026012
1.3082298237263064
0.33701007327289056
0.5231607913459722
0.5725450191926322
0.6244120053540941
0.6803593508329261
0.7271853941736509
0.7795132017220319
0.828356558605564
0.8794545600369394
0.9282979169204716
0.9664091657562692
1.013235209096994
1.053107958949745
1.0936189338086384
1.1593270319100388
1.2282112385732635
1.262045132810617
1.2649134968662237
1.2605657631862415
1.2570271861823314
1.254319634953847
1.2461440957114076
0.35677963770240817
0.46735181025715855
0.7283464376044688
0.9708126953481344
1.236240242510317
1.3579283728661762
1.4667687507046694
1.547504669911424
1.6054893607020095
1.6514019711085053
1.6916032148945261
1.8256366005765585
0.29343237638576425
0.4509743141860454
0.6727583817529799
0.8605628984183503
1.0307922670680953
1.164519405223849
1.2696173429921584
1.3569924424253834
1.4235890417416128
1.475186161285886
1.5188744642231278
1.5501367520925229
1.6529167073681172
0.3547554173975134
0.5036802435206217
0.5493635661741485
0.6055449342957191
0.639218492933804
0.6778862542785659
0.7287020297338681
0.7749496914344174
0.8705460894239133
0.9176910008751707
0.9556272964638974
1.0091474035122914
1.0714334045067484
1.1185783159580058
1.1185783159580058
1.512258069149098
1.512258069149098
1.5673351877580566
1.6042525835460217
1.6232920977666787
1.6375976178600606
1.6439625973608278
1.641688345134453
1.61825258116763
0.31264145363196394
0.5242188040214082
0.8070262137398362
1.1064338874658919
1.3117733984820572
1.4902362915811111
1.6236198204888912
1.7382703440139504
1.8368701152605469
1.9110408942818964
1.9697608198951941
2.1678694821943556
0.34405202376848987
0.5726596849094354
0.5726596849094354
0.839162210268926
1.0700363415567795
1.2367793635156858
1.3607683125886276
1.4580359661078415
1.5319647665484828
1.5852715789954346
1.7327910984632608
0.28034913501985437
0.5169057861195331
0.7851032083807651
1.0314253494490873
1.2678660911085422
1.443165673925632
1.5872153311121795
1.7024189031013035
1.7958816104492312
1.8668552904049187
1.9294303632371927
2.1241041076567435
0.3023709106993544
0.5523114174693317
