0.8045598346252887
0.9249261188293227
1.0142117570245008
1.0864531699890159
1.1467074355385591
1.2337976021918524
1.293886973098806
1.351103918926362
1.3941070610568085
1.5404136906751509
2.782050118205814
2.5949920009580447
2.5949920009580447
2.416521345860398
2.197313266636377
2.012053040851001
1.8692276318639323
1.7611216184391143
1.6658670850540853
1.5873250246541435
1.5147603423210525
1.4555063954053469
1.4075983975980155
1.2546307193990998
2.7266535224773216
2.5239194770471256
2.5239194770471256
2.2240404452317377
2.0211644384840812
1.8829571151149125
1.7845459045940437
1.7005768318003807
1.630441806724357
1.5851933526449293
1.555828963689347
1.5435293664663308
1.5407805521921418
2.795684272963158
2.672815808829001
2.672815808829001
2.270266098521625
1.867716388214249
1.867716388214249
1.985723425308566
2.094657074056239
2.094657074056239
2.383101126394983
2.5893939116199522
2.736197848245292
2.8399607574600467
2.9218256000974865
2.982071688231301
3.0286258985128205
3.1916748375843493
2.8974798952800547
3.108911850706048
3.0517774021282644
2.841369673995525
2.659706013946121
2.5499025241050557
2.4478378218248884
2.3676238138343155
2.3035495232167387
2.251234169542345
2.2152071211151743
2.190958566692026
2.133048567571097
2.9511269491763223
2.8559602164816864
2.7221070527672158
2.5753481499464863
2.412457073242934
2.412457073242934
2.1490708644681997
1.9123393244843017
1.720233696878608
1.5606753303231353
1.4557581938105486
1.378570573498477
1.324934813337087
1.2840562425838375
1.1719610954848505
2.8979328626026755
2.693929987182273
2.693929987182273
2.523000788368973
2.3423770565496005
2.1943957745475866
2.0860538662219548
1.994666943883583
1.9239181131027374
1.8709118804370188
1.7113593479380926
3.0490261505056067
2.8236151736084025
2.8236151736084025
2.7286073235890185
2.6335994735696344
2.5573759465966543
2.470887716190627
2.3929649836618525
2.336126553600162
2.297343565722496
2.2660295898799228
2.2367540246388646
2.1345975897341316
3.0261813607710444
2.8997670174265484
2.8997670174265484
2.7936926907219233
2.5146582740277914
2.0026809751929098
1.8207060927240903
1.8207060927240903
1.8152498082200106
1.810793355956655
1.7918970935637308
1.7733604599451422
1.7587797428442429
1.747975127873865
1.7393282855494998
1.710894564168444
1.666790954513112
3.1339626357295445
2.983291175448477
