0.7950145770506735
0.9094877131186565
0.9944019154438518
1.063106379910099
1.1204105891788443
1.1875396033668637
1.233856430939607
1.2779591961064698
1.316594542822165
1.4480409228323219
0.3471169039433335
0.5129760633880862
0.5129760633880862
0.6399844401551991
0.7959835443286376
0.9278237089968047
1.0294651992833825
1.106398683257751
1.1646279057357818
1.2011484172252724
1.2348895656161143
1.262441484143761
1.284717759752676
1.3436280794239144
0.28148348052695016
0.427767132462179
0.427767132462179
0.9977434203702511
1.3833472838068561
1.6460361975958164
1.8330851423708416
1.9926840983908096
2.1259888546559336
2.224422611026489
2.304018270181239
2.36347609993698
2.557303668240921
0.33361260257995173
0.5513356847768409
0.5513356847768409
0.7180772343155166
0.8848187838541923
0.8848187838541923
1.1010344751610326
1.3006256584540237
1.3006256584540237
1.0591280509385244
0.886410972269029
0.7635004834535365
0.6766257702430073
0.6080850481297402
0.557644465186474
0.5186673037175419
0.4112583831782637
0.22563519839733684
0.3590388273762397
0.5022474538006019
0.8837937832982532
1.2132165821187972
1.4123305542465736
1.5974112681151287
1.7428686645458829
1.8590588378691706
1.9539257486427326
2.0192559920326008
2.0714056292758323
2.2378173836738133
0.25054973750922716
0.4817277922381042
0.4284949728159931
0.37012959723840827
0.3053485264664813
0.3053485264664813
0.4747642287836869
0.7068925994686425
0.8952627944099403
1.0227505919820072
1.1260775838510635
1.2020953334912323
1.2635250309665564
1.3103437621086094
1.454466009233637
0.2318444716763155
0.3763533877341414
0.3763533877341414
0.4755372474274177
0.5557201417020425
0.6214123260560716
0.660578090047081
0.6936146009179404
0.7191904104253211
0.7383522438351441
0.7960307260457294
0.1544103787673069
0.26253018034984854
0.26253018034984854
0.48979301146344845
0.7170558425770484
0.8993857714598614
1.0518648716711165
1.189242964461437
1.289449346677149
1.370079455249644
1.4351814344985705
1.485381075294761
1.660551607272905
0.1393635108455853
0.3550471073400332
0.3550471073400332
0.40909467633402624
0.5512698129245196
0.8121352762443063
0.9048561100309274
0.9048561100309274
1.1321739695078905
1.3178371600196401
1.4491710945629221
1.5780055156613586
1.6793452888664926
1.7544401709007469
1.8145379722659272
2.0121597254481784
2.1569809568105924
0.21439086977100397
0.41388550893900444
