0.7079242578246019
0.7998544567015113
0.8815541612621132
1.021439802246715
1.127320675191317
1.2137702521130616
1.2814703328724002
1.3283277237728472
1.483299013972428
2.74298025317421
2.546145577569353
2.546145577569353
2.2138298594174337
2.0013187725514223
1.8308239707167968
1.6900993902937351
1.5620243305617751
1.4391165446624077
1.388555995738716
1.3387418954488681
1.2971387301313035
1.2606629429859213
1.1802634547892152
2.8071946359825652
2.621773825593393
2.621773825593393
2.092592115211742
1.7226049363649851
1.6159163476454392
1.461355287993673
1.3546666992741272
1.2784424102387213
1.2226183218846594
1.194946281234926
1.1700963838780776
1.1009751571155284
2.719842669791256
2.567436049567278
2.567436049567278
2.2095287852235033
1.9115832668235175
1.6772335395760354
1.5005439963068232
1.350282037360985
1.2406779004511062
1.1482262822126479
1.0794962323495583
1.0242084045658442
0.8384511795783636
3.229747513466126
2.990512429533074
2.990512429533074
2.5558182512955976
2.319793893598246
2.1590325005631716
2.027324021294511
1.919386107834735
1.8325312498194855
1.7686129026724573
1.7155137671349596
1.5503072613136901
3.1823364247731067
2.9769246902875657
2.9769246902875657
2.7267712194787888
2.5167798189279793
2.3569910061996295
2.2430393388743948
2.1243253707280574
2.045471093408041
1.9995151889071952
1.9817750784406087
1.9769782621234901
1.9730148957235687
1.986860425889078
3.297406384485791
3.17548908311691
3.17548908311691
3.0959849066969056
3.028793215010223
2.9797081185196013
2.9432976386662224
2.9159404564108744
2.89663064979822
2.8405340738997715
3.6975411691762012
3.567381881560622
3.567381881560622
3.3958630336002993
3.217111722639157
3.0896371543461805
2.9695039470275235
2.841020524698575
2.7450101607429813
2.6687599982656414
2.6089338993546427
2.5628139614453844
2.525904563729296
2.414217791038281
3.686688161102969
3.5482494293518823
3.5482494293518823
3.1505900329564915
3.0886754538734063
2.8350577606950558
2.5814400675167053
2.3822055372859805
2.201723821864782
2.06291502824253
1.950693558728006
1.8590923718311236
1.7868319505844845
1.7297827721389925
1.68675220853107
1.559701252380144
3.676397047838344
3.450750726750879
