0.6838609403905288
0.7532926673105106
0.8149976526776171
0.9206484806267017
1.0006166733006043
1.0659090743886885
1.1170406239465973
1.162587559712311
1.2909048976440078
0.30451930399727845
0.45864947780997073
0.45864947780997073
0.7960793490947902
0.9206342523708191
1.0205629848654527
1.092265739960428
1.2192279824703414
1.3584556968202257
1.4561011399606443
1.552304998522081
1.6326514267147174
1.6848653808184355
1.8439430690794099
0.3726079736265018
0.5402955494173833
0.5402955494173833
0.9074019643675324
1.434573558811901
1.5865874572383587
1.806811845849891
1.9588257442763486
2.0674329671304856
2.146973219735301
2.202626694908553
2.25260432984747
2.391619609792549
0.2866287559395553
0.4848009591162473
0.4848009591162473
0.6006605978834272
0.6971097722174963
0.7729720903346297
0.830168992148408
0.8788109114898153
0.9142913193352671
0.9442192145183627
0.9664681028279869
0.9843655539093108
1.044497792423395
0.31910598001614565
0.3916771493297613
0.3916771493297613
0.6753210703054191
0.8044737128395635
0.9194084923453104
1.0135721764114096
1.0907413278450697
1.1528373557938179
1.1985351505007389
1.2315543148230357
1.3342863218059509
0.20210740568358498
0.3446065963326607
0.3446065963326607
0.799399014411857
1.1811746360874962
1.4716792622586887
1.6788495012301694
1.8946778583522694
2.0628226864800348
2.1930494395998545
2.291153535667943
2.3695807891982286
2.4343812570357737
2.6263617081056045
0.28021405776544617
0.49847118050587247
0.49847118050587247
0.7555061750723261
0.9727352174355873
1.131426094794154
1.2491402566494343
1.3375853360023673
1.4000134531309916
1.581372266347078
0.17599071522689047
0.3894352275653549
0.3894352275653549
0.724252118656097
1.0034892424947317
1.2026241837788283
1.3595389425810034
1.5273605272603117
1.6527666779729908
1.7523625858889553
1.8305058244673906
1.8907464448131577
1.9389565057065719
2.0848387591597537
0.17142870567596202
0.37959863037967767
0.37959863037967767
0.5576885460671324
0.5708488961142797
0.6606596315911258
0.750470367067972
0.8210230145121006
0.8849349419449473
0.9340897137971674
0.9738294203889479
1.0062671019349896
1.0371260562974134
1.0689934326929964
1.0969378074395497
1.2005118914493542
0.19089978685072295
0.29852756105279676
