0.717934457118348
0.790783082882435
0.8473850994604115
0.9041623356356742
0.9667072453634005
1.1323419137439126
1.2301045762217584
1.3517380661451106
1.1614534366231588
1.0692906176183898
0.7378276044283644
0.5117688922218965
0.09065388289534038
-0.037069580598763946
2.4392788472637723
2.686883670725851
2.4384263433730915
2.1984351272077367
2.0025150166093413
1.8566522427079915
1.752451394847356
1.6673735241997254
1.6073800786152477
1.454009436908059
1.5831891323262213
1.7159713377640344
1.8225174987841188
1.9217230399441942
1.997858061544242
2.060360503404273
2.2584212687581817
2.4362652618506484
2.506782635528353
2.5952804696980807
2.770900544986013
2.8900511336287913
2.9282943101983765
2.9282943101983765
2.788149158152934
2.6965278149090435
2.4580510477284525
2.2741136778725894
2.1306326890634004
2.0029466186322313
1.9066379830595375
1.7995274330523008
1.7148435296751987
