0.6772948820089909
0.7434659147251188
0.793985146030664
0.8525235774436976
0.900083831966087
1.0777052676326628
1.1316175139783533
1.1846631021033942
1.1242098672015661
1.1154370526136952
1.1230313522515176
1.0985234165299782
0.9866701084385063
0.9611194632296934
0.6158455989974609
0.5813223981274267
0.6845544618708371
0.8061773160696836
0.9215830808342317
1.0188154889593197
1.1009608138425169
1.1680307990509615
1.2209919612713804
1.3924523915803395
1.4631395833082583
1.5189901734490114
1.5461732057566107
1.5714834319029929
1.5909076958284076
1.6068538911687051
1.6573849673889758
1.7379650323224987
1.782029177910834
1.8500894587511523
1.9255417976632963
2.015328206307194
1.9466892742864272
1.9466892742864272
1.7413404138575366
1.7280559513210179
1.6663816658677713
1.6407355307147853
1.6076103343675008
1.6037091720810903
1.5732276357090882
1.5569808801270297
1.5312922988826612
