0.8141872250446883
0.9870908681893753
1.104334164752979
1.205229667215845
1.2810384626024636
1.3382436325168088
1.491237312795535
2.7742121883515454
2.5664964171957916
2.5664964171957916
2.241674679055282
2.005725792948535
1.803269395107189
1.6528771869970307
1.5224566764066803
1.4197955692872577
1.34137344232956
1.2833428383650596
1.2363129244363629
1.091874057449109
2.913022189943219
2.678380106741869
2.678380106741869
2.4371972864957008
2.157852869132083
1.9629726687345135
1.831531285861864
1.7458698094036944
1.6891087658136752
1.645590407844875
1.630177163435017
1.6174561094361155
1.60929288200652
3.0820428570843617
2.932243287898341
2.932243287898341
2.4320709011604054
1.9318985144224696
1.6458662283975611
1.4382177795275228
1.28055281823896
1.1397961498058296
1.041441022248013
0.9530004862280843
0.8868115604341207
0.7008082446764606
3.2023627412203974
2.9599880300721066
2.9599880300721066
2.5897257193681464
2.2466998736911505
2.018067181127404
1.8501328963380346
1.7374960767195833
1.6771692759827748
1.6136091118585634
1.5730417540447725
1.456757935410451
3.4129630982323005
3.1951061168947352
3.1951061168947352
2.655726894288345
2.220184730132768
1.8927631341465774
1.7056294491984267
1.5425380356853418
1.38746814782346
1.2743570095217192
1.1823818084984075
1.1103172730272393
1.058579868679829
0.9150328333453567
3.5141122824985027
3.285836974158315
3.285836974158315
3.2877770868304643
3.2891912716809806
3.290170010915736
3.290970613307681
3.291595906425748
3.2934855349193723
3.6838045140812365
3.583367513955422
3.583367513955422
3.2970004309003493
3.106131789118299
2.944822188682661
2.8222184427942496
2.743061060360726
2.6884403519359004
2.6422580701806777
2.6080360377960083
2.581254713545093
2.487956872973359
3.8552517134890776
3.689801045940795
3.6234528535745647
3.592403501618838
3.592403501618838
3.1571024528974054
2.7638883477528644
2.403997129116235
2.1588247066636157
1.9842484664780797
1.8598326715875766
1.767618644046971
1.7015194644181726
1.6518055423925262
1.4809071519738441
3.965961980791908
3.756741042464806
