0.6345510482788086
0.05478358268737793
0.05708575248718262
0.0505070686340332
0.7201488018035889
0.06801366806030273
0.07097530364990234
0.07238960266113281
0.07536172866821289
0.08252835273742676
0.08208703994750977
0.08436298370361328
0.0772244930267334
0.07840466499328613
0.0749351978302002
0.0745086669921875
0.06918716430664062
0.07754826545715332
0.0753326416015625
0.07599711418151855
0.07389020919799805
0.07360458374023438
0.07538485527038574
0.07476639747619629
0.07576608657836914
0.0753474235534668
0.07750844955444336
0.07426285743713379
0.07048368453979492
0.07371234893798828
0.07655453681945801
0.07325363159179688
0.08049869537353516
0.0773324966430664
0.0777883529663086
0.08056974411010742
0.08246850967407227
0.08692693710327148
0.08703875541687012
0.07675290107727051
0.06960082054138184
0.07767724990844727
0.07732605934143066
0.07938575744628906
0.07500052452087402
0.08244538307189941
0.0742805004119873
0.07233333587646484
0.07512760162353516
0.07360053062438965
0.07331037521362305
0.07569551467895508
0.06598973274230957
0.08035397529602051
0.07647180557250977
0.07528209686279297
0.0783529281616211
0.0821084976196289
0.07435965538024902
0.0727691650390625
0.07250428199768066
0.07285308837890625
0.07388663291931152
0.07436084747314453
0.08359956741333008
0.08003759384155273
0.07929635047912598
0.0783541202545166
0.07931232452392578
0.08014249801635742
0.07950568199157715
0.08009552955627441
0.07704329490661621
0.08478856086730957
0.07987833023071289
0.08308553695678711
0.07456326484680176
0.08180499076843262
0.08433651924133301
0.0831754207611084
0.08211827278137207
0.08308720588684082
0.08228468894958496
0.08270525932312012
0.08256721496582031
0.08261847496032715
0.08639073371887207
0.07707333564758301
0.0720221996307373
0.08372187614440918
0.07759380340576172
0.07475423812866211
0.07643008232116699
0.07709598541259766
0.07668805122375488
0.09060430526733398
0.07478046417236328
0.0767660140991211
0.07402944564819336
0.07526612281799316
0.06998109817504883
0.07710838317871094
0.07555460929870605
0.07335495948791504
0.07723116874694824
0.07463359832763672
0.07667136192321777
0.07536911964416504
0.0735175609588623
0.07448101043701172
0.07618856430053711
0.0769200325012207
0.07108330726623535
0.07647562026977539
0.07804203033447266
0.07870197296142578
0.07747673988342285
0.08138513565063477
0.07979512214660645
0.08097267150878906
0.08198761940002441
0.0924687385559082
0.07943487167358398
0.08159422874450684
0.06862211227416992
0.08086395263671875
0.08216428756713867
0.08252286911010742
0.08309459686279297
0.08142709732055664
0.0772552490234375
0.0816199779510498
0.08012270927429199
0.08212614059448242
0.07951879501342773
0.07677030563354492
0.06930088996887207
0.07880783081054688
0.0793004035949707
0.07454371452331543
0.0728459358215332
0.07004833221435547
0.07464480400085449
0.07367587089538574
0.07430243492126465
0.07574319839477539
0.07646560668945312
0.07335567474365234
0.06768441200256348
0.07489538192749023
0.07953381538391113
0.08411717414855957
0.08020305633544922
0.0816659927368164
0.07823419570922852
0.0778653621673584
0.07929277420043945
0.07794046401977539
0.08097004890441895
0.07699275016784668
0.07171893119812012
0.07711434364318848
0.07787561416625977
0.07970833778381348
0.07898354530334473
0.07691359519958496
0.07590723037719727
0.07629060745239258
0.0857536792755127
0.0856480598449707
0.07610464096069336
0.07659769058227539
0.07493972778320312
0.08762979507446289
0.08035564422607422
0.0800468921661377
0.07964372634887695
0.08069443702697754
0.07933759689331055
0.0766134262084961
0.07788467407226562
0.07956671714782715
0.07768821716308594
0.07969355583190918
0.07100057601928711
0.07895874977111816
0.07692480087280273
0.07659053802490234
0.07379746437072754
0.07747793197631836
0.08361530303955078
0.07570338249206543
0.06830477714538574
0.07117462158203125
0.07457637786865234
0.0723886489868164
0.07333040237426758
0.07662606239318848
0.0755300521850586
0.07766199111938477
0.08429527282714844
0.07015371322631836
0.08134603500366211
0.07268381118774414
0.0791177749633789
0.0778357982635498
0.07871556282043457
0.0715792179107666
0.06817913055419922
0.07572746276855469
0.07190656661987305
0.07361745834350586
0.07115030288696289
0.08076047897338867
0.08260917663574219
0.07705330848693848
0.07382011413574219
0.07033491134643555
0.07599329948425293
0.07528424263000488
0.07249093055725098
0.07421040534973145
0.07801246643066406
0.07249879837036133
0.07370257377624512
0.07931041717529297
0.07574653625488281
0.07738065719604492
0.0796053409576416
0.0765068531036377
0.07055878639221191
0.0717613697052002
0.0699911117553711
0.07599234580993652
0.08457660675048828
0.08861947059631348
0.08330798149108887
0.07077908515930176
0.07863092422485352
0.0941917896270752
0.0791623592376709
0.07629513740539551
0.08464503288269043
0.07409501075744629
0.07180500030517578
0.08610987663269043
0.0768892765045166
0.07851028442382812
