0.6966142447564615
0.7638529269301911
0.8167152955158165
0.8586014889738994
0.8914303784388768
0.9920310807365498
2.435441707371041
2.678147009477773
2.528206627237742
2.4069304041921713
2.3097320748699466
2.2377060889857656
2.1847180099034667
2.145056465582485
1.9967767065509954
2.437216712625986
2.6768440505743687
2.596667418357389
2.4799102990761237
2.334672183514317
2.186005151938391
2.186005151938391
2.2165103961197055
2.245373995494483
2.3387948048683644
2.4443896101296803
2.552509411712222
2.4498395818087833
2.4498395818087833
2.5172138192225604
2.565716833908567
2.6353573137876074
2.6353573137876074
2.7410634713605284
2.8204298920246624
2.8747027604957838
2.922055355893804
2.9608750341674064
2.9866469377554696
3.0176493042467247
3.0412462092307764
3.067113355249733
3.0916350049969687
3.1189691004256876
3.14151882447477
3.23677343962635
3.818097475104289
3.9287815263515857
2.4655543390947976
2.2440540031331238
2.482839643473654
2.6265344986412757
2.73589101471868
2.8144310726381976
2.875713913989298
2.9229850655336773
2.9654316274108403
3.0016695969711393
3.0450812798910074
3.1793148501761856
3.364687135664157
3.364687135664157
3.259448195713279
