0.68794797789024
0.7484899592527232
0.7960874497183833
0.8338019477082829
0.8633612125523552
0.9539424917603829
0.5974027812628049
0.5374516650990508
0.5870759978116455
0.6272136281993419
0.6593824286341236
0.6832201795726762
0.7007571367745852
0.7138835383608435
0.7365404239438641
0.6055533803232984
0.5342881089229057
0.5563347994494713
0.5884402646503681
0.6283773348154903
0.6692572763399418
0.6692572763399418
0.7135391231866399
0.7461634875301459
0.8325207954383755
0.6123739966019761
0.3869630197047721
0.5717087371794463
0.5717087371794463
0.7389909660066685
0.9074473329577843
1.2316010095715426
1.2316010095715426
1.1514020111600283
1.084510071227766
1.0276919465579017
0.9781186377471105
0.9416007308798057
0.9039265621044097
0.8733273825463334
0.8383435322392746
0.8096151561477068
0.7741848836194667
0.7411729765513675
0.7094863734646257
0.6125545728716633
-0.010839133160157277
-0.10187742360425855
-0.8676472433681506
-0.9835679109337988
-0.8595948474596595
-0.7849911511268399
-0.7282152818172747
-0.6874387444516556
-0.6556218329746465
-0.6294863736532136
-0.6163571149326385
-0.5996990886412494
-0.5855937778139666
-0.5322096723577902
-0.36999992621397626
-0.36999992621397626
-0.33273286302392746
