0.7014693465659092
0.7549192280168184
0.7974785063361647
0.8164872312806519
0.8400801892524576
0.8551822452961348
0.8767536413533397
0.8906788361433772
0.9030919837357295
0.9407321991457511
2.400350872999484
2.617535769519192
2.617535769519192
2.6111739457067644
2.6035175948284834
2.5984011388262434
2.597737549993009
2.590843220073376
2.5901835155188473
2.582262512082368
2.5862928830974776
2.5684727604612125
2.558663204989055
2.4542248918557785
2.4105443086675997
2.426491726497267
2.442857027634331
2.505532368391186
2.5600042164153924
2.605790013310912
2.6430917602667843
2.672104492913805
2.6954894211090266
2.7139921086900807
2.7281010385163307
2.7356036248609414
2.772851960054678
2.419315850873292
2.3389559845475016
2.386799405920916
2.4368662813210085
2.4894912435492276
2.5266631079377158
2.562818971958519
2.59461030036421
2.626244560932159
2.6536141069459482
2.6881775490329396
2.716132000864959
2.756918809214482
2.8000234307208287
2.9043980304060537
2.4509791776952583
2.267583773709094
2.267583773709094
2.219370707328405
2.174388896515774
2.1358392644117172
2.0985916317624995
2.063312123075083
2.0328934362082878
1.9998267619372931
1.967898764961799
1.9207632102528067
1.8916580516069352
1.8545048042198085
1.8215576310897728
1.7815148599694783
1.7512796045906371
1.7122290757583238
1.6746471033606851
1.6188251935403635
1.4917073334483857
2.393052662705875
