0.720552357620525
0.8147847149224607
0.9079032134787672
0.9841430450569438
1.0536456580181248
1.1139364453395215
1.1626724670829747
1.2080426583981638
1.248486392908192
1.3711233685517485
0.5389935652737533
0.415176277612766
0.415176277612766
0.5173617665151736
0.6403403306459728
0.7225223547716999
0.790112786681857
0.8391684930481391
0.8856863428730484
0.9255079162665236
0.978187749394507
1.0611345969792243
1.1951155032838658
0.6065712977989475
0.3604168612101657
0.42208095056196276
0.47915353812516515
0.6977284267532733
0.887694336335598
1.0473683857517992
1.1774550368662056
1.2786344597547201
1.3601873961109188
1.4247139360309629
1.475161450442171
1.5139849665718592
1.6573681798325028
0.6158843865074128
0.37915185413363645
0.48002343344159387
0.5443950924824452
0.612055718365768
0.6679509444558288
0.701814606529574
0.7402949723458139
0.7669570926733477
0.7996472002239259
0.826956007797659
0.8580025718474896
0.8841746734648152
0.9299962356113556
1.0156542558742516
0.5956000128742085
0.42569967209541115
0.42569967209541115
0.35795124667457723
0.3042251003751889
0.2725177986957333
0.23631186620360567
0.2143202565385511
0.1850732533342411
0.1630830044747185
0.1296576675851093
0.10077296251002596
0.07473851916666532
0.05382509311400155
0.026056418307829524
0.0041449946097407535
-0.021338010289735938
-0.043883843623069275
-0.07182013046130278
-0.11331494260417191
-0.18341542078794423
-1.0276174463338406
