0.7757283829641092
0.9506935843664189
1.0958096644624005
1.2056495102872669
1.2822881944452014
1.3348523709127118
1.3950984590465267
1.4408734567673462
1.5826413031265498
2.7740570906384914
2.5713230452082954
2.5713230452082954
2.254686182623515
2.009107351620371
1.8203749458825351
1.6617377064616277
1.5435039311625314
1.4547815748896937
1.378094917281032
1.3241369006584403
1.2818893016288841
1.172031391195308
2.926412949336421
2.6951312213673724
2.6951312213673724
2.443409066759501
2.2423201617121498
2.0836548077915533
1.951986259133437
1.8642614161919226
1.793110555111386
1.736876277705729
1.7008823444415377
1.6875012412697747
1.6741345399215313
3.1361673584801713
2.9824669777757293
2.9824669777757293
2.872828513137879
2.790229309692021
2.707630106246163
2.6438949826984146
2.5954175708329608
2.557620557145113
2.437376212402026
3.2296693273232706
3.062184113986667
3.062184113986667
2.876207570751265
2.722102882344797
2.626092518389203
2.513196164079465
2.4274821357056666
2.3596150890069802
2.303336467061138
2.257250880222933
2.2187907889614014
2.105023780099681
3.3940135306413315
3.2139892489046376
3.2139892489046376
2.58992938775393
2.2792492504658486
2.0387296407149385
1.8672207109092238
1.6828394089178589
1.5366430941191498
1.4252557319968904
1.3306648995233052
1.254970162904479
1.1981715221404112
1.0087691507936576
3.5351242908239264
3.2920956176884038
3.2920956176884038
2.8732578757398124
2.5545515604514626
2.2885884078871106
2.086696440905449
1.9305696064828515
1.8087666214795524
1.7150467860011338
1.6407468037686734
1.5813929085747926
1.3842386833071327
3.6538997507755893
3.4048749924626676
3.4048749924626676
3.0527938678588957
2.815929269376805
2.5790646708947143
2.4105049441624846
2.271459668186368
2.1589957298477445
2.073445395867082
2.0016509041138226
1.9425541128781654
1.8943410649433103
1.733599775424696
3.8255966808018114
3.581003227000165
3.581003227000165
3.581003227000165
3.166038152413818
2.8364173853121484
2.6111063273584176
2.432155140137104
2.297227511275872
2.1622998824146404
2.0608248317408515
1.9813580561903803
1.922926856040033
1.7447632707756926
3.961229914119693
3.734652967360531
