0.7648563707276068
0.8834280890919889
0.9817714330333898
1.0562085162930857
1.1081455894994123
1.152154549833316
1.2025951327765823
1.2409199044055117
1.3596139646254313
0.4999426055268342
0.6462262574620631
0.6462262574620631
0.7445446166452137
0.8207988705474437
0.8794018402249375
0.9286600123716885
0.9770307269401255
1.0281256429478862
1.0722892392953616
1.113786274780738
1.1462772784505693
1.249621281293017
0.5296497995923611
0.6245642995786693
0.6245642995786693
0.9041300747459402
1.2220676755926525
1.4729302577481937
1.6811087371002622
1.8448006190268393
1.977565956192896
2.0824974030744845
2.1633411008233123
2.219892040109558
2.3997627318286687
0.5242326129985277
0.7214030797812322
0.7214030797812322
0.8148365297435175
0.9186779602284212
1.022519390713325
1.1026454225057314
1.1635898818262649
1.2111072404164873
1.3622750997291575
0.4842724011368824
0.6698760199420997
0.6698760199420997
0.8007037908624528
0.9453544704625794
1.0707606211752585
1.2182227975505848
1.3301801521275036
1.4188262600691042
1.4923358798108488
1.5451182706807676
1.5949022573924538
1.7421659552054942
0.5001174706926526
0.6735857905242215
0.6735857905242215
0.8328016571976135
0.9485740839436172
1.0691486244787975
1.1054084782691602
1.1276394421202136
1.1452664192287683
1.1528112214289759
1.159218313825893
1.164345482694108
1.1681927280336213
1.1810218623342705
0.5715822249268423
0.6302087038760952
0.6302087038760952
0.5101089139906985
0.41872134866957245
0.37808264817323384
0.3472339117987496
0.32337800693987556
0.30476672571770924
0.2904465001983037
0.28370101578210727
0.28519046459961855
0.3050428511886144
0.10397823192338895
0.1260388245534814
0.1260388245534814
0.25855277650967856
0.38615788802923345
0.5137629995487883
0.6045705025070582
0.6794778042351431
0.7400650489546765
0.7861532359530513
0.8248307934495007
0.8566677698672497
0.882641391074684
0.9692368988300176
0.5269537943596276
0.5786649378142238
0.5786649378142238
0.5786649378142238
0.8069118248459275
0.9882160323553314
1.1121458537819244
1.2105759480606015
1.2610233213310278
1.311470694601454
1.3494106613983279
1.3791220713047068
1.406446624975125
1.4897623952338794
0.4562070253974686
0.5618615908326434
